 

Το17010οΧ. Seot. 11. α Ureae 7777710777.

uota· Arg.

A¹6· 0471

maffia) Arg„ 616 Arg.

1
2
³
6
5
6
7
6
9
10

*Μυν-

000 -6024 500
010 -0004 510
020 -0014 500
080 -0014 680
010 -0014 510
060 -0014 660
060 000 660
070 000 570
000 000 500
090 4001- 690
100 4001- 600
110 4001- 610
190 4002- 620
180 4002- 680
110 4002- 610
160 40024 660
160 4008- 660
170 4008- 670
180 4009- 680
190 4008- 690
200 4008- 700
210 4001- 710
220 4001- 780
280 4001- 780
210 4001- 710
260 4001- 760
260 4001.. 760
270 4001- 770
280 4006 - 780
290 4006- 790
800 4006.- 800
910 4005- 010
890 4006.. 820
880 4006.. 880
810 4006- 610
860 4001.. 860
860 4001- 860
870 4001.. 870
880 4001.. 880
890 4001.. 890
100 4001- 900
110 4001.. 910
120 4001- 990
180 4008.. 980
110 4008.. 910
160 4008- 960
160 4008.. 960
170 4008.. 970
180 4002.. 980
190 4002.. 990

Arg.)
114114. Α. 16 DoeL

000 500 -607 4602
010 510 -000 40,οι
070 500 4000 0.οο
060 660 -0,16 -001
010 510 -0,17 -007
050 550 -0,17 -000
060 560 -0,16 -001
070 570 -0,15 -005
000 500 -0,10 -000
000 500 ..0,17 -000
100 000 -0,10 -007
110 010 -000 ..007
100 070 -000 -ο,00
100 660 -001 -000
110 010 -001 -000
160 660 4001 -008
160 660 4000 -000
170 070 4005 -000
100 660 4007 ..007
190 690 4009 -007
000 700 4001 -000
210 710 ÷0‚16 -006
280 720 4001 ..006
000 700 4005 -001
240 710 ÷0,16 -008
050 750 4007 -002
000 700 4000 -001
270 770 4008 0,oe
000 700 4000 4001
200 700 4007 4000
800 800 4007 4008
010 010 ,4000 4001
070 020 4005 4005
880 880 4008 4006
810 810 4002 4006
860 850 ÷0‚10 4007
860 860 4008 4007
070 070 4000 4000
000 660 4001 4000
660 690 ÷0,01 4000
100 900 -001 4006

’110 910 -008 4006

100 000 -005 4000
100 980 -007 4007
110 910 -009 4007
150 050 -0,11 4000
100 960 ..0,19 4005
170 970 -0,11 4005
160 980 -0,16 4001
190 990 -o,16 4008

 

