Tabula vlu.
1842.

lang] lngAE 1003AE 1203AE loga Β

wwwwmw

959 99595 99997. 99955. 99999· -ω 9699
99 99955 99979. 99955. 99799 99959 9999
zo 99599 99959. 99799. 99997 99979 9995
99 99959 99995. 99999. 99979 59999 9995

999 99979 99595. 99559. 99995 99999 Ἰ9995

19 96586 966891 920951 99972 91552 4905
,119911 96740 967041 924581 98269 92144 -9-905
11 96927 967161 926821 95189 92813 -9-904
97097 966881 136901 927481 95595 4904

ι51 97261 965851 986191 956281 95905 4-904

97429 964151 124151 984471 94562 4904
97605 961861 mose· 991481 94776 4-904
97795 959091 915561 911141 95154 4904
97994 955991 908541 918621 95502 -9904
98205 952791 998811 133911 95824 4904

98428 949741 985571 137511 96125 -9-904
98641 947161 958641 wo· 96404 ,9-904
98855 945511 990241 mosl- 96667 -1-904
99061 944581 95578 950581 96915 -9-905
99255 944581 97258 138821 97150 -9-905

99999 99599. 99999 99599. 99979 9995
² 99599 99559. 99999 99957. 99595 9995
. 99799 99995. 99995 99599. 99797 9995
99559 99999. 99999 99599. 99999 9995
99959 95999. 99999 99999. 99959 Ἰ5995

99959 99977. 99599 99955. 99599 9995
99995 99979. 99555 99959. 99599 9995
99995 95999. 99595 99999 99575 9995
99997 99999. 99579 99599 99999 9999 .
99999 99597. 19995 99999 99995 9999

99979 99999. 99999 99999 99199 5999
9...5 99579 99795. 99999 99999 99975 9999
95 99599 99999. 99979 99999 99999 9999
95 99799 99597. 99995 99579 99597 9999
995 99999 99959. 99959 99979 99577 9995

95 99959 99599. 99959 99997 99999 9995
95 99975 99999. 99999. 99955 99995 Ι9995
95 99995 99959. 99979. 99999 99999 9995

 

