Tabulae X. Soet. 1. α Geminorum. ·

7756 767. 6 77131355 ,4317131737 7756 767. 7 7797137746139579
Apr. 10 87,572 80,07 Α r. 40 18588 2858 ¹
777. 79 57359 7935 71. 79 73575 674
65777 37553 7537 6377 75377 697
. 65555 37375 7735 65535 73375 7537

1751166. 0 71841890 482242118 1761156. 0 71917509 482234447
20,44 Apulo 17,572 2207

, Apr. 10 45,000
161. 19 44,921
06627 44834
Dec. 66 44,788

1758166. 0 71848628 48224 819 17681777. 0 71928845
Apr. 10 48528 2,88 167710 28955
Jul. 49 48417
06627 48806
06666 48190

77541757. 6 77557337 4824355 44 176414444. 4 77956777
Apr. 40 57357
76. 79 57347
65777 57377 ’
066 66 51398

17551777. 0 71858491 -ι-822848,64 1765166. 0 71984885 48222562
’ A.pr A10 55 868 4884 7177610 84,497 5806
177119 55 248 49,11 Jul. 19 84604
oct 27 58180 49, 45 07627 84, 707
066 66 55 015 49, 87 Dec. 66 84,805

17561561 71858905 482284887 1766166. 0 71988623 4372224790
Apr. 10 58, 798 48, 88 Apr. 10 88, 718 4783
Jul. 19 58687 4884 Jul. 19 88805

06527 58588 4441 06127 88885
Dec. 66 58495 4804 066 66 88957

197. 10 8289
Jul. 19 2,210
Oct 27 2140
Dec. 66 8080

7755767 6 779 5356 457735576 7755767. 7 77945337 Ἰ43777699
ιρι 76 5395 3443 Apr. 76 45, 553 28 ¹⁹
Jul. 49 5353 3575 747. 79 45353 7
00427 5377 35 65 65777 45393 · ·
066. 66 5, 800 86 ,89 Dec. 66 46, 892

7759775. 6779 9557 457737975 7759767. 6779567444Γ 32244914
ιρι 76 9345 3637 414 76 56735 9996

76. 79 9346 5735 747. 79 56775
6377 9349 .

06666 8669

 

