'Pabula VIIL

Log.A Log.B Log.0 LogJJ Lnga Ε

0921379 0908779 19999
, 0926679 0906579 19791
, . 0984479 0972279 19497
0943979 1981279 1,1879
0958679 1,156879 1,1095

09625 79 19098 77 09972
09698 79 19488 79 09269
09785 79 19682 79 09188 99818 ,
0974679 1969079 9975279 99898 9
09725 79 19619 99 09628 79 99905 ,

995759 794759 954475 94957 ,
995999 ,999599 7,οο455 94775 ,
995559. 795555 977745 95754 .
994559 955997. 979579. 95559 ,
999575 999997. 799979 95974 ,

0999279 0988779 19751· 99128 ,
0916079 0986579 1997079 99404 4,
, 0912779 9902779 1906179 99667 7
’ 0919879 09577 1908279 99915 4,
0916099 09288 1988979 99150

99754 ἶ
95955 ,

97959 ,
99744 ,

0922079 09119
0999977 19340
0988679 1,1196
994779. 97975
0954597 19240

0959899 19519
09698 79 19665
0961879 19683
0958179 19578
0951879 19825

994599 97995
999759 97995
997949 79459
995947. 99975
999945 97957

0998677 oms

959759 997959 99955
999949 954795 95995

975599 97575
997579 97595
975499 97797
955579 97955
994999 99754

0946679 99842
0945277 99512
09912 99676
09688 99884
09019 99986

95445 99794
79479 99975
99595
99579
95979

19037

99547
99577

99995
95544

 

99474 4

99808 “

