Tabula vul.
1831.

116614 1003.ss Lego 1203AE Lnga Ε

wwwwvvvwv
.

Jm. 0 01521· 09367 05089· 13999
10 0038771 09296 080661 02790 , ···· -2
20 089681 09194 omen 12:126 ‚
30 070951 09072 0081271 01879 ,9

6611169 012881 08937 0156971 01095 ,

19 76197. 66166 16661. 66671 ,

11611 66696 66666 16166. 66169 ‚2
11 66666 66611 16661. 66111 11
11 66666 66666 16696. 11761. ,
61 66611 66666 11619. 66616.

1771.ἑὲ {⁹333} ἓξὲξ) 0141511 08447· ,
so 16711 66711 138881 131111 ζ
111616 96611 66717 16616. 16661. ,

16 61166 66661 66611. 16661.

30 03014 08963 ’ 083386 lgm„ ‚

Jun. 9 03659 08995 058661 029701 ,
19 04810 08994 0903411 0306171 ,
29 01757 08958 03571 &3032- ‚

Jul. 9 9,5209 0,8888 07236 1388ss- ,

16 66666 66766 66116 16666. ,
16 96611 66667 16619 11167. ,
mmmmm*
16 96666 66116 11116 66116. ζ

sept ιζ 363ὲὲ gffi 16616 67167.
17 9ζ7166 6ζ7661 1698161 8ζ8111“ ζ

Oct. 7 97119 67961 16671 66616 ,
17 97161 66666 16616 66619

17 96617 66661 16916 16111
Nom 97766 66171 16111 16111 6176

16 67696 66167 16161 16691

16 66667 66616 66116 16671 ,
6666 66166 66117 67161 11679

16 66617 66116, 66116 16617 ,
16 96716 66176 66719. 16666
66 66617 66161 66171. 16116 ,

 

