’1616616 vlu
176⁰·

1661 16611 1666 ug.» 116.. t:

WWWWWM

1116 33313 66661. 63163. 13336 -ω 1663
16 63166 66613. 63611. 63163 61363 1663
36 33633 63111. 63131. 63133 61313
36 61363 66133. 66613. 61616 63131

1663 61663 63631. 61316. 61633 66633

19 95198 om· 130911 99968 91352
Muti 9‚5500 9903211 lma· 0‚8264 9‚2144
11 96769 990611 lma 0,5180 9‚2818
21 95992 990541 13690· 9‚284o·· 93398
31 96215 990101 1‚2618· 9563011 90906

161. 10 96438 989301 1911611 981461 94369
36 66663 636361 66666. 66616. 61116
60 96912 98687· 1,1556. 1‚1112a 95161 ,
111610 97166 9861311 9088613 mm· 96602 “
2⁰ 9,7429 oms 0,9825= 1,2390n 96824

36 61636 63313. 66313. 13136. 66133
san. 6 61361 63111. 63316. 63363. 66161
13 63313 66166. 63633. 13661. 66661
33 33163 66663. 63363 63633. 66313
16 3 66636 63166. 61336 63363. 61166

19 0,8152· 0‚9112 136011 97373
16 63336. 66336 63163. 61363
31 133 1333133 13311113
36 66311 63116. 63333 63131. 63161

1611 66631 66333. 13316 61113. 66313
1⁷ 63133 66331. 63661 63163. 66313
31 63611 66363. 63663 66363 66616

161 33311 66133. 13613 66666 66331

' 11 66666 63333. 63331 63636 63366

τ 31 66113 66163. 61313 66113 63131
166 66331 63616. 61333 ,1,1113 63316
16 , 61631. 66166 63633 63111
61633. 63331 13311 33311
61366. 61333 13666 63611

61133. 63366 13636 63666
61311. 66163. 63666 63333
61313. 63166. 13331 66611

 

