Tabula vm
1845.

Log. A 1203AE Log.0 Log.D boga Ε

wwwwww

Jan. 3 93399 33343 333333 33999 ,- 00 ¹
93333 33337 333334. 33793 33333
93739 33337 33733. 33437 33373
93333 33333 433333 33379 33434
93333 33339 433333 33393 93333 ,

93333 33333 333933 33973 93333
93737 33334 334333 33373 93344
93397 33333 433333 33739 93333
93343 33373 433933 937433 93393 ,
93333 33339 133393 333333 93333 ,

9,7881 0,6865 1‚2415u 0‚8447· 24ss62 3
9,7488 0,6582 1306811 ,1,004873 9‚4776 ι
9,7659 0,6818 1,155673 1,111473 9,5154
9,7845 0‚7051 198342 1‚1862n 95502
935043 0,7263 03382133 1339233 9,5824 3

93349 33443 333373 337343 93333 ,
93437 33373 333343 339733 93434 ,
93333 33333 933343 433343 93337 ,
93333 33733 33379 43333. 93973
93343 33393 33333 433333 93333

93373 33349 33333 333993 93373
93337 33373 33343 437373 93333
93499 33473 33497 333493 93737
33334 33333 43333 733343 93933
93733 33397 33343 334393 93334

93799 33344 33349 334333 93343 .
93373 33333 43333 334333 93333 ,
93943 33333 33333 33933 93373 ,
33333 33379 33373 33333 93334

33337 33339 73333 33339 93933 ·

33333 33393 33933 33443 33334
33377 33373 33334 33473 Ι93373
33333 33333 33473 33393 93434
33497 33333 33333 33373 93347
33339 33333 33333· 33373 93377

33744 33439 33333 33337 93333 .
33333 33433 337333 33337 93933 ,
33933 33433 334733. 73933 33344 ‚

 

