· Tabulae Χ. Soet. 11. α Andromedae.

4444444. 4444641444 44746644 4464444 44444 4444 44144414

Apr. 10 44444 4444 44444 4464 4444
444 ,444 ²⁵
ἰ1764466 88,621

· 8
17726644.1286689,499-Ι-274966,04 17821444. 02867 8679 -1-2768 7,64
Apr. 10 89,484 64,62 Apr. 10 8,767
Jul. 19 89868 68,97 ,144119 8,840
Oct. 27 89 286 68 89 06427 8,927
· 174666 89201

1776 64444. 028 6647, 780 -4-276048, 19 1786 Jan 042857 18, 898 Ι4275444667
47, 62 Apr 10 18 ,984 44445

s 47, 06 Jul'. 19 19, (770

, · 46,68 06627 19,168

46,44 44464 44444

,44444 644 4464444 4444444444444444444
444 Ap 44 44444 4444
4’44 444 44 44444 4444 ,
444 04444 44444 ³⁶⁰²
464 nec 66 44444 4441

¹⁷⁷⁷92¹ss192³⁵⁶99999 ÷276124‚68 44444414 4444446444 4666&
1 · 4

17787444. 0286666087 427614888 17881444 1286728804 42766166
Apr. 10 66,060 4882 Apr. 10 28824 16 49

1779

 

