Tabulae X. sect 11 0 cete.

1170151 0155611715118105117 1750151 1 1561155118115155 ξ

111101 11770 5151 Apul 11111 550 Ὗ
51111 11751 5051 15115 11170 5551 ¹
0117 11510 5115 05117 11151 5550
05555 11557 1115 05555 17501 5111 ῑ

1771051 0 15011771 4 5101155 15050515 15151151
101 10 20716 4862 110110 505172 1215
55110 11551 1155 55111 51551 15511

055 11551 1117 05117 51555 1151 1
01155 11505 1115 05555 51710 115
1771005 1 15011515 15105551 1751151 0 15051501 15151551

10110 28566 55,64 1011158898 2911
Jul. 19 285481 54,oe sut 19 5s‚989 2955
00127 28891 5488 00127 51081 8025
00166 28297 · 58,72 00066 54175 ’ 80,ῑό

1775011 0150155171511 155 1755151 · 1505115115151511
11510 15551 , 115 1111 57557 1555
11111 15151 111 15111 51150 1505
05017 15555 511 05117 51511 1555
01555 15555 111 05555 51555 1551

1771155. 0 15011501 4 5111111 1751111. 1 151 1711 1511 115
11110 11111 1157 110 1511 15·
511. 11 11015 1157 51 11 1515 155
05117 51111 1051 00117 1150 155
01155 15511 1101 05155 1051 171

17751111. 0 25081977 -Ι- 81184,78 150. 0 2⁵1 415818141681
140110 81888 8162 1401111228 1653
Jul. 19 81804 8158 Jul. 19 ms 16:²27
00127 81725 ,8451 00127 1862 , 1
00166 81,651 8454 00166 mo 15,Ξο

1775 san. 1'- 5111115 1755101 0 151 1511 4 511505
10110 81720 4924 10110 7574 803λδ
551 11 51555 1110 101 11 1511 505

05117 51505 1155 05117 1557 555
01555 51551 1110 00105 1555 115

1777555. o 150515111511 115 175755. 15111715 4 511110·
1013 81ῗὲ ’511 0015 1308 81
05517 51511 5ζ55 (fem 10515 1150
01055 51575 107 05. 11511 1101

1778100 25040199 13111155 1755115. 1 11111155 4 511555
10110 40689 21,05 10110 18957 5681
511. 15 10557 1151 15111 15111 5557

, 1151 0517 15515 510
, · 1155 01555 15551 511

1771111. 1115011515 4 5115115 1751511. 0 151110151515 151
1110 11515 5751 111 15175 51»
5.15 11575 5151 50115 15515 -
05117 15515 5555 oa. 17 15571
01555 15551 5151 05550 15505

 

