Tabulae X. sect. Ι. α Pegasi.

1750111. οζ225220, 481 -1-185159, 57 176041991225248907 4185459041
Apr. 10 29508 5990 Apr. 10 49806 5892
19119 20, 527 52 918 Jul. 19 48 ,818 5891
Oct. 27 29588 0,40 091. 27 491828 58 76
Dec. 66 20, 540 0,57 Dec. 66 48951 58,ι “7

1751199. 022,5228517 -ι-18521970 1761199. 0225251920 -ι-18551795 ·
pr 10 29518 1988 ιι.
191. 19 28,501 1990
09127 29480 19,’92
099 66 29451 1987

17521ιιι. 1225226489 -1-18528907 1762199. 0225254489 -1-18558759
Αιιι. 910 26,404 88 98 Apr. 910 54998
19119 26 862 88 84 19119 54958 ,
09127 26811 88 64 09127
099. 66 26 258 88 87 099. 66 59690

1758199. 0225229,251-ι-135257,65 1768199. 0225257944 -1-13555792
Apr. 10 29188 57, 85 Apt. 10 57 722
19119 29120 57,00 ul. 19 57 802
091. 27 29, 046 56. 60 091. 27 57, 886
Dec. 66 28966 56,15 099 66 57972

1754'111 0225281970 -ι-135815,48 1764199.12258 0920 4185619113

Ap r. 10 81987 15, 00
19119 81, 800
Oct. 27 817,11
099. 66 81,618

17551ιιι. 0225934,697 -ι-185882,74 1765“.Ιιιι 02258 4224
Apr. 10 84588 8298 Apr. 19 9814
Jul. 19 39488 81,52 Jul. 19 4,408
091. 27 84944 8099 09127 4,491
099. 66 84, 250 80, 25 099 66 4 577

-—-——-.-

ιιιιιιιιι. ι995937959 ,93534999 ιιοοιιι. 99953 9599943157 ι,59
43ζ99 ιιι ιιο ιζ9ιο
43ζ34 ιιι 19 ιζ99ο
47 99 οιι 97 ιζιοι
47,06 09966 7937

ιιιιιιιι. 9995939999 ÷13 54 19ᾶῖ9953949 1⁰‚792
Αιιι. 10 89827 5,84 Apr. 10 10‚860
ιιι. ι9 3999 594 ιιι. 19 10929

091. 27 89681 497 09127 10978
099 66 89616 4,12 09966 11927

-..-.h ...,- -ᾀ--ῌ-ὓὴ-

1758199. 0225242615
419910 42 554
19119 42,501
091. 27 49456
Dec.66 ‹19‚418

ιι5οιιι. ο995945,4ο3 ,11354999 1769Jan. 99959 17091 41999 161
ιιι. ιο 45995 4999 ιρι. ιο ιι, 109 433
ιιι. 19 49951 4099 Jul. 19 ιι, 116 5ζοο
001. ιι 45995 4993 00197 17‚115 599
99999 49393 3999 Dec.66, ιι,ιο5 599

 

