'rabulae X. sect. 114014444444.

4770144. 9449444949 44941994 ssa 4419144494 44141 4199
44410 49999 4994 4444 49’449 499999

1441. 19 16, 956 89, 98 Jul 19 43, 203
094. 27 16, 913 40, 70 094 27 43, 263
Dec. 66 16, 863 41, 44 1199 66 43328

44444ιι 9449449999 449444494 44444ιι. 9449449994 9494494944
{3⁹24} 4499 4ρῖ 49 49449 9994

Oct. 27 19, 475
1199. 66 19,404

4449“.4ιι 4449499999 449449999 44494ιι. 9449449999 449494999
494. 49 99499 94 49 444. 10 49994 4999
444. 49 99994 44 99 4ι4. 49 49999 4444
οι4. 94 94 ,949 44, ’99 044. 94 49 994 4994
Dec 66 94949 4494 444499 49994 4494

1773’.1444 0172424,689 ÷124435,27 17881444. 0172452198 4124345925
44410 94 994 99 99 494. 410 99999 4999
1441. 19 24,516 35 76 1441. 19 62,366 45,17
094. 27 24, 429 35, 89 094. 27 52, 447 45136 23
1199. 66 24, 342 85, 94 1199. 66 52526
17741444. 0172427,146 -Ι-124432,62 178419441172455375-1-12434204
9410 27, 059 32,62 Ap r. 10 55, 353
1441. 19 26975 32 55 1441. 1 55428 4247
. 26, 893 32,39 09427 55 499
ι 3216 1199. 66 55 567 4818

1775’.1944 01172429614 4124421194 17851944. 01724589214-12433998
,49910 29,537 28,66 Ap.410 58,386 4031

1441. 19 29,464 2881 1411. 19 58,445
094. 27 29,.396 27, 88 09427 58 499 30131
1199. 66 29, 383 27, 89 Dec„ 66 58, 547 41, 84

17761444.11,172432129-1-124424,26 17861444 01725 1,307ι1-124388,17
Apr 10 32, 071 23, 73 Apr. 10 1,852 3901
144119 32,019 23,15 1441. 19 1,389 892
Oct 27 31973 22, 51 0’94 27 1418
11199. 66 31, 933 21,82 Dec. 66 1,441

1777144.0172484,721÷124418,76 44444ιι 94499 4‚240÷124347,44
44410 94 944 4994
444. 49 44 994 4499
044. 94 94949 49, 94
Dec 99 44949 49 44

44499ιι. 4449449999 44944 999 44494ιι. 94499 9949 Ι44944999
994 44410 9944 9499

, 49999 494 4ι4 49 9994 4999

. , 494 o 94 9949 4914

³,29 1166 9916 40,OE

 

