Ι Tabulae X. 81111. 11 71713113.

1733 ’1111 ’ζζζοᾷο 11113.

vw-vvv—‘vv- vv·-

1311115531-115 3 135- 35 3131 1751 155 33151ι
1131111-135 3 553-13 3131 1751 53117351·
5133331-153 3 535- 53 3131 1753 55151303
3030138 -145 3 438 - 72 34 32 1753 53183688

1“111.’-0,009-14,5 ÷ 8, -· 8,s 38 32 1754 58213110

1755 53351553
19-0151-135 3 273- 9,0 33 42 1756 53 284959

1111-1331 -113 3 131- 35 35331757 55513337
111-1335 - 33 3 137- 33 3333 1753 55351317
3131155.- 53 - 333- 3133331753 55335313

511-1535 - 13 - 331- 73 3133 1751 55113533

1751 55153113

,1111113533 3 3,7 - 135- 55 1331753 55155551
53-1,153 3 75- 133- 55 131 1755 55513335
53-1555 3133 - 315..- 13 -131 1751 55553153

11313-1335 3171 - 3113 13 -1 11755 55555331
51-13153313 - 131 315 31 11755 652 1335Ξ
1013οἢ3255- 121373 -2-1 1768 54 86225

111 331133 3333 - 131 3113 -3 -1 1753 51113577
1331531 3533 3173313134 1770 511551
3331333 3535 3 315 3115 -3-3

11. 9313393332 3 337 3163 -2-2

Decl. med.
“w—0

33315 1353
1513173
1535333
1551511
1713315
1733531
1717331
13 1535
13 33335
13 53533
1357313
1311511
13 53311
1313133
53 5371
5331357
3111357
5353115
31 15331
3151551
3151335

11 3177535371 3 535 3173 -3 -5 313 reducto 11111115 esu

29132302 3323 3 7,14 3183 -2-11
1133331133513 3 333 3135 ΣΞ :2
331331 135 13 ,1 ,1

81117 33241 3228 3143931153 -1-4
17 33559 3193 31632 315,7 0-4

, 3173 31752 3143 0-4

03 7 33300 3133 31838 3128 41 -4
17 33322 310,7 32107 ÷11,o 32 -4

27 34313 3 7,5 32138 3 93 32 -4
3536343172 3 4,4 32193 3 7,6 33 -4
13313113 15 33353 3 53 31 -5
26 34301 - 1,4 323,ῠὸ 3- 4,0 34 -8
15633078- 12 323393 28 ÷5=8

15 34317- 53 33555 315 35 -3
33335- 33 33513- 1,135-2
..113 33535- 51 35 -2

ln 1111111111. et Febr. 11111111 bitontum legitur 11111 insequens. ’

 

