11001. vm
1100. ’ ’

11001 11008 11000 bugd) 11001 Ε

1.. 0 00000 00100 00100. 10990
10 00100 19090. 00019. 10109 ,
00 00100 09010. 09101. 00100 ,
00 00111 00001. 00010. 01010
rems> 00101 01900. 01010. 01090 ,

19 00900 00010. 10091. 09900 ,
111111 01100 00099. 10100. 00101 ,

11 01000 01019. 19000. 00101 ,00

01 01110 00011. 19090. 00001.

01 01000 00190. 10010. 00000. ,

07701 016900- 021150 ome· ‚

07857 09897 020681 mm· ,

08025 05160 0165611 mma ,

Mai. 1⁰ 08206 07984 0088611 0186111 ,
20 08398 09519 0982511 0239011 ,

8⁰ 08597 ’00535 088491 imon ,
9,8799 0‚1207 0587711 139691 ,
19 08998 01617 0909211 0306111 , 1
29 09189 01815 03659 0308311 , ·
Jul. 9 09309 01882 07297 lm· ,

19 09000 01090 09110 10001. ,
09 09001 01101 00000 10109. ,
Q} 311ὲὲ 300 1110 110ἓί ’
00 00001 00000 00109 09101. ,’

01011 100111 00110 19019 01111.
11 00100 00000 19001 09100. ,
01 00000 00191 10000 00900 ,

001 1 00900 01000 11010 00000 ,
11 00110 01010 10001 09000 ,

01 00191 00000 01019 00110
Nom, 00091 00910 11000 01111

10 00091 00000 00101 10009

00 00001 01009 09001 10011
9..ρο 00900 01090 01000 Ι10000 ,

10 01011 01009 09001 10000
00 01100 01110 00100. 00000
00 01001 01199 00101. 00901

 

