Tabula vul.

1880

1003AE 12⁰3AE 1103.ss 1103AE langa B

ΜΜΜἫὟΜΜ

999 99999. 99799
9199· 3171
99 97979

7999 99999

99 99999
ml 99999 ,
99 99999

79 99999 ,

99 99999

apr· 10 99688
90 98050

99 99999
maj. 10 99999
m 99979

80 91895
1999. 9 95951
19 95660 ,
99 96088 ,
Jul- 9 96896 ,

19 9,6667
99 9,6996

99 3

9997999 ,

sept? 97997 ,
97 97799 ,
97 97997 ,

oct. 7 97997 ,
97 99999 ,

97 98918 ,
897. 6 98856 ,
16 98518
96 98686
Det, 6 98866 ,

16 99018
96 99998 ,
86 99898 ,

980661 99790
997981 99196
908191 91879
915691 91095 ,

990981 99979 ,
921881 98968

999999 99997
996911 997681 98898
996191 956881 9,.8Ὧ5

991151 981171 91862
990681 960181 91776
915561 911181 95151
908851 918691 95502
998991 998911 95821

988881 997511 96198
95666 n 999691 9,6101
990851 980611 9,6667
98571 930821 9,6915
oms 99999. 97959

93ἑὲ8 926911 97878
99996 1186968 99915987
, 906811 97980
99999. 99999

97997. 99999
99999. 99999
99979
99999
99999

99181,

99979
99999
99997

99977

99999
99999
99999

olom„ 99999

699
ooo
ooo
0,oe
999

-9,99
..9,99
..0‚01
-o‚01
-ο,99

..0‚01
..909
..909
..902

..999
..9,99
..0‚01
-9,99
-ο,99

..0‚01
-9,99
-9,99
..0‚01
..9,99

,9,99
..002
-9ο9
,9,99
..9,99

..0‚02
..0,02
..909
..0,09
..909

..9,97
-ο,ο9
..9,99

 

