Tabula vlu.
lm.

1113.st 103.ss 1103ss lugd) laga 11

ιιι 3 33333. 33333 33333. 33333 -ω ’
33 33333 33333 33333. 33333 33333
33 33333 33333 33333, 3333 33333
33 33333 33333 33333. 33333 33333
93139 89988 09495 135703 1‚1092 9938&

19 33333 33333 33333. 33333 33333
31333 33333 33333 333333 33334 33333
33 33333 33333 33333. 33333 33333
21 33333 33333 33333. 33333. 33333
33 33331 33353 33333. 33333. 33335

33. 33 33333 33337 33333. 33433. 33333
33 33333 33333 33333, 33333. 33333
so 33333 33333 33353. 33333. 33333

1333 33 33333 33337 33333. 33333. 33333
33 33353 33333 33333- 33333. 33333

60 9,5076. 09681 omn mma 9,6128
113. 9 954ae 03722 0‚5876= lm· 9‚6404
19 9586? 09786 9,6667
29 9132& omo 9‚6915
131. 9 116545 9,7150

33 33333 33333
338 378· ; , 3:133ss
33 33333 , , 33333
33 33333 , 33333

3333 33333 , 33333

33 33333 33333

33 sasso , 33333 ,
33 3 33333 , 33333

33 33333 , 33333

113376 9ζὲἒὲ , ἰ ζ 99976
33 33333 , 33333
16 9,8786 99517

11«, 6 9,8961 99677

33333 ³ 3 1⁰³⁸ 333
33 33333 ’ 33333

 

