Tabulae X. 8991 11 α cande 91019711.

ι711. 9 19719917 4 9171199 17991111 1 7971991919199179
1991116015 ι 4698 Δρι. 10 45‚666 33:26
11119 19971 1991 711. 19 19999 9179.
9997 19999 1999 99197 19797 9199
99... 19997 1199 99999 19979 9111

1771119 9179719997 4 9179917 1791719 ο 79719999 4 919971
1111 1911 1111 1911 119 11
ι 1 9 ·

1770

9997 19999 9991 91197 19919 9917
91999 19717 9199 99999 19999 9919

17727911. 1 72721925 -1- 5172651 1782799. 1 727 52951 -1-5161799
Δρῐ. 10 21,889 2628 Apul· 52518 17911
Jul. 19- 21919 2698 ul. 19 52687 1719

. 09127 21,655 2606 09127 52982 1771

09966 21558 26,oe 099.θό sam 1791

1779119 9 79791719 4 9171791 1799111. 9 79799919 4 919 999
191. 19 91911 1799 19919 99911 979Ι
11,ὲὲ {2:22} 13:33 111.ὲὲ 1191 11
99919 91919 1917 99999 99999 771

mum 0 72727928 -1- 547 998 1784599. 1 727 59910 -1- 51559,ὲῖ
Apr. 10 27928 9,86 Apr.1·⁵9,5s1 5810
ul. 19 27925 1⁰‚25 Jul. 19 59‚617 51129
99197 97999 1979 99197 99999 5111
1166 27988· 1192 09966 59977 . 5710

1779 san. 9 79799919 4 917 999 17991711. ο 799 9999 4 919971Ἱ
199 911 79 199 99
9997 99999 191 oum ³:206
09966 29998 5,01 09966 8961

1111191· 1 1111116111 1111191 1799111. 9 799 9999 4 919179

191913 3}aess ·99,99 16919 9919 9ἓ
(19.9 999 911 (11.9 921 1
91999 99919 9997 91999 9117

1777711. 9797991119 19199999 1797119 9 799 9999 19199911
19919 99991 9199 1911· 9999 1111
791 19 99991 9999 19. 19 9991 .,
99197 99919 9999 99197 9999 ‹⁷

5895 09966 9,617

1779711. 97979999 ÷ 9191199 1799119 1 79919799 1919119
1091119 31413 ἐξω 16119 19797 {33¹3
091111 111191 1791 32¹1.ss 12158 1999
09966 89982 47,ae 116666 12667 118
1779 sau„ 9 79719999 4 9199999 1799119 9 79919919 ἶῇἷὲ91
[9911991119 91 99 1
09111 11111 1191 99197 19971 ,a

66 19179 1199 99999 199911 11

 

