Tabula vm.
18⁰2.

Lug] 17776 17770 17770 [7777 Ε

&mmmmm-ww

777 77777 77797. 77797. 77999 -ω 7677
7ο 77977 77777. 77777. 77797 77777 7777
7ο 97777 77777. οξ9777. 77777 7ξ7777 7777
7ο 97797 77777. 7ξο777. 7ξ7777 7ξ9777 7777

7779 77777 77777. 7ξ7779. 7ξ7797 97777 7777

79 97777 77797. 77797. 77977 97777 ,7777
777777 97779 οξ9779. 77777. οξ7777 97777 7777
77 97777 77799. 77777. οξ7777 77777 ,7777
97777 77777. 77777. 97797. 97797 ,7777

77 77777 οξ9777. 77777. 77777. 97977 7777

. 9,5001 096297 024167 084477 04862 4-0,οἱ
05825 095507 020687 1,(11477 04776 -1-001 ·

05658 094587 015567 musa 9‚⁵154 ÷o‚01

01010 05999 098487 008857 018627 05502 ,7001

m 9,6!46 092457 098287 028917 05824 ιΙ-001

77 77777 77777. 77777. 77777. 97777 ,7777
7779 77777 7,.9777 7ξ7777. 77979. 9ξ7777 ,7777
79 77777 οξ9ο77. 9ξ9ο77. 7,·7777. 9ξ7777 7777
79 97777 οξ9ο77. 77777 7ξ7777. 9ξ7777 ,7777
777 7 97977 67777. 77777 77777. 7ξ777ο 7777

79 97777 77777. 77777 77777. 97777 7777
79 77797 77777. 77777 77777. 97777 7777
⁸¹¹⁸· 13 3090 39οἓ2 9033 4ἑὲοΖ 30ἓῦ 430*
77 97977 77777. 77779 οξ9777. 9ξ7777 ,77ξο7

7777 97777 77777. 77779 77779. 97777 7777
77 97777 77777. 77777 77777. 97777 7777
77 97777 77777. 77777 , 97777 7777

777 97777 77777. 77777 , 97777 7777
77 97777 77777. 77777 97977 7777

N 77 97777 77777. 77977 , 97777 7777
...7 77777 77797. 77777 , 97777 -7777

77 77777 οξ9777. 77777 97777 7777
...9, 398 3333232 8989 313ἕῆ 48ῑο

16 00841 087987 08219 09808 74002
26 00497 087747 007687 08066 09925 ἰι-002
86 00646 087907 064787 1‚29⁵7 00044 4-002

 

