Tabulae X. 866111 a Aurigae.

1116111. 6115911195 1181111155 11561111 1 1 691515 11515 155
Apr. 10 45368 1534 Apr. 10 26307 830
Jul. 11. 15199 1551 Jul. 19 95519 931
oct. 31 15515 1195 65191 35951 959
65555 15519 1119 61555 31553 1653

17711611. 0} 45949339 -Ι-454418,53 17811611. 0 5 031427 -1-45451534
116110 49,667 1739 1411110 31525 1534
111119 49385 17,09 11119 31629 1639
06127 411493 16,43 06127 31740 1638
06666 49390 15,81 06166 · 31857 1732

17721611. 1 459 53330 -1-45442039 17821311. 0 5 086323 -1-4545 2180

151. 1ο 53591 9659 Apr. 16 35515 3396 ,

Jul. 19 53306 1930 Ju1.19 36470 2253
06127 531484 1933 06127 86398 2239

06666 53356 1835 06666 86329 2298 ss

—. —

51400 22,94 06127 41488 2737

1113 san. 6 159 51561 Ἰ115113115 11631111. 6 5 61159111515315ῐ ³
Apr.1o 51513 3311 15116 11591 3159
111119 51531 9351 ,111119 11555 3155
8134

51356 9353 65555 11536 3156 1

17741611. 0 5 0 1312 -1-45442732 17841311. 1 5 045382 4454532553
Apr. 10 1572 2155 Apr. 10 46‚112 3242
Jul. 19 1434 2736 Jul. 19 46338 8233
06127 1298 27,65 . 06127 46361 8197
06666 1165 27,81 06666 46,479 3164

17751611. 0 5 0 5,614 -1-45448231 17851611. 0 5 050345 1454536316
15116 5533 3953 115116 56953 3559
Jul. 19 5358 33,02 Jul. 19 51064 3566
061Ι 27 5340 3837 06127 51162 3517
06166 5328 3330 06166 51253 34,δί

---—--—--———-—- *-

11156111 1 5 6 9559 1115113351 11351111. 6 5 655536 1151511956
Aps. 16 9‚463 3353 Apr. 10 55‚715 3531
Jul. 19 9555 3911 Jul. 19 55539 3331
65131, 9519 3959 6651 55553 3151
61555, 9561 1651 61555 55566 3533

17771111. 0 5 018,631-1-454445,16 17871111. 0 5 1 03961-1-45454132
Apr. 10 13‚561 4533 Apr. 10 0342 41,oe
Jul. 19 13303 4634 Jul. 19 0375 4031
Oct. 27 13,457 4738 06127 0397 3952
06666 111423 4835 06666 0306 3831

17781111. 0 5 017388 -1-45445254 17881116. 1 5 1 4311 4-45454367
116110 17312 5332 146110 4311 4235
= 111119 17398 5432 111119 4399 4204
06127 17397 5493 06127 4375 4123
066661 17309 5535 06666 4338 4032

17791311. 0 5 022309 -1-4545 0,21 17891111. 0 5 1 9,159-1-45454536
Apr. 10 22329 102 1161110 9313 4456
sul, 19 22360 182 Jul. 19 9,056
,06127 22304 231 06127 8387
06566 22359 338 06166 8306.

 

