'rabulae X. 836611. α Aquarii.

1790 1780 vffl 44433 noem

3,,,6 -6,333-3,-3 134-334343333ο3333319693-33341433
10 -0,889 2,6- 2,-11 7,6 42411771 5408959
20 -22-0902401 285- 7,0 4-12 411772 54 4,0820
80-,088742,9-8,-51 6141411778 5471680

831339 -0,845457 407- 4,8 0411774 541025

1775 54188898
19 -0,7744-8,-7 4,47- 8,1 0 01776 54164257

11431.1-,,-06724118 4,-68 1,0 -1 01777 5419,5115
11 -,,05894149- 41466415 -1 01778 54225978
21 -0875417,-9 4,894-40 -2 01779 54256881
81 -,,01814-209- 8,,86468 -2 01780 5428‚7688

1781 5431,8545

4,,. 10 46643 4333 - 3344 96 -3-3 1333 34343433
mnam-4263 1,97412,0 -8-11788 54880257
8040568 428,4 - 0,64414,4 -8-1 1784 5441,1112

113].ζ;,,104086142994ο904168 --8 11785 54441967
2041Η166480842614178 --8 11786 {4473}ss

1787 450
8041477481044454188 -8-11788 54584580

7333.941,,,7854-80446,364198 -8- 11789 54565888
3943633439Μ3433ο4393 -3 33396 34396336
29429664269 4102041146 -2 ο

761 943633 4241 4120243176 -2 o

19 43343 4363 43334363 -3 o 934 reducto addendum ,3,
39 4363643333 ÷15‚25÷14‚4 -141

⁸³³1} 48188 ff? 81831 8181 1} ,ῒῖ ¹⁰⁶⁶ 4334. 34 1 2
33433434 3’3 43363436 o÷2 ‘m‘ ÷

&pam-361 ο,4,,43933,,33 643
3343333- 43433ᾛ334334343
2748278- 7,,,4420054184143

033343333- 10,-0‚÷2013 334343
3343-633 0,,-943364 3,“3,343

2742,952-18,0 419,-80 8,1 42 48
Nor. 6÷2‚819 -188 41918 - 4,3 48 48
16 42666 -129 41885 - 5‚3 ÷3 44
26 42561 -12,0 41687 -- 62 49 44
033 642446 -10,6 417,71- 6,9 48 44

16 42849- 8,7 41700- 7,4 42 44

26 42272 - 6‚6 41624 - 7,7 42 44
86 42816 - 48 41517- 7,7 42 48

13 menn. 7334. et Febr. annorum bissextorum legitur 41133 inaquam.

 

