Tabulae X. 8331. L α 9909 3433134334.

43331344, 3414141343 -38 9'9 4133 43331344. 4314141333 3143383

4344. 43 43333 4333 444. 43 33333 3333
343. 33 43333 4333 343, 43 43343 3333
344. 33 43333 4333 34333 43333 3333
34433 43334 4333 34433 43333 4344

, 4334344. 3334334333 -3333 33 33 3334344. 3334433333 -3333 4
44443 34343 33 33 Apr. 43 33333 ,
34343 33333 3333 34343 99'990 ,3
34433 33334 33 33 344, 33 33 343

03366 50,850 57 86 03366 28,085

————.-

1752 8344. 1224854, 281

03127 56957 2187 03127 80884 2418
03366 56848 2280 033. 66 80,488 28,62

3334344. 33344 3344 -9099 334 4334344 4334433333-3333 334
444 43 3433 , 3’33 444 33 33343 451
343. 19 3333 433 34343 34’3344 333
344 33 4333334 433 343 33 34 433 333
344. 33 99, 333 999 344 33 34, 333 376

17—99111]999997997 -33333333 4333344. 3334433334 -33333334 ÷
413310 57,166 21,16 Apr. 10 80,176 25,05
343. 19 97 333 34 ,43 34343 33, 333 34 34 ,

4333 344 33344 3333 -333443 33 43331344 3334433 333 -33334434
444. 43 3334 43 44 p 4333
34343 3333 43 33 343, 19 33 333 4333
343. 33 3334 4333 34433 34334 4333

334

Dec. 66 2,798” 03366 87859 4192

. -805480,08 17661344 0224441187 9199‚19
333
919³

· 2074

4333344. 313344 3,343’-333443,33 3333 344, 3334444333 -3334 343
444. 43 3334 4433 444. 43 44333 961
343, 19 3334 4433 343, 43 44334 196
343. 33 3333 43, 33 344, 33 44, 333 333
344 99 3333 1919 344 33 44334 333

------———- ——--—-

17582333 0224412Ν417-80585720 17681443. 1224448220 -80504147
Apr 10 12, 889 57 ,74 Apr. 10 48, 227 41, 01
Jul. 19 12 871 6835 ,133119 48224 4060
031, 27 12, 868 58 ,71 031. 27 48 ,212 40. 84
03366 12, 865 59,18 ’.033 66 48, 190 89, 98

57999999999919719F99990399 {591391151551 -90999199
Apr. 10 15, 727 40, 64 4433. 310 51, 528 8193
343. 43 43343 4333 343. 43 34 434 90 ⁵

34433 43334 44 33 344 33 34 433 205⁸
34433 43343 44 43 344 33 34 3341 2⁰9⁶

 

