Tabula 9111.
184⁶.

,lau 111611 1666 ug.» 6.... 11

wwvv—‘WWUW

9999666,
696196,

01 96869
10 96996
7619 96666

19 96814 ,

111711 96024

1196969ζ
7196966,

91 9,6523

17716 96666 ,

2096860

9697666 ζ’
9

90 97701 ,
1769 96934
19 96161
8 96377 ,
191 9 96679

19 96769 ,
29 98926 ,
Aug 19 999ξὲξὲ ’

2999297 ‚

1617 96966
0 96169
2⁷ 99616

117 96691
17 96769

27 99791
11976 96692
16 66001
66 66197
196 66967

16 00990
26 0,0522

6 66619

66666. 16791 ,
66791. 16197 ,
16619. 16679 ,
16666. 16696 ,

1,20936 ⁰,9972 ‚
1998ss- 0‚8270 ,
19532· 0,5189 ‚
1,269011 9274ss- ,
19619· 056281 ,

16116. 66117. ,

16666. 16619. 96776
16666. 16111. 96161
16691. 16666. 96669
66691. 16997. 96661

66966. 16761. 96199
66661. 16976. 96161

9902071 19061· 9‚6667 .

66679 16696. 96916
66699 16666. 96166

66196 16699. 96679
16916 16167. 96666
16197 16619. 96767
16916 16666. 96996
16616 66199. 96161

4599
4 064
4 064
4 o‚04
4 o‚04

40,oe
4 0,oe
4 068
4 068
4 0,oe

4⁰‚09
40,09
ι6063
4⁰‚08
40,OE

4⁰‚03
4 o‚08
4 0‚08
4 o,08

..1669

16619 66166. 96916 “

16666 66161. 96619
16669 66919 96676
16676 66666 96691
16996 66619 96966

16966 16111 96161
16691 16116 96676
16176 16696 96111
69966 16679 96617
66669 16679 96677

66996 16667 96666
66766. 16667 96966
66171. 16996 66611

 

