Tabula IX. continuata.

7110707 0710776ααὶ071 c& D [1700111116ᾢό07.

Martius.

1000 jag.»

1760 1060 1760 1060 1760 1060 1760 1060

010111.10110. 10176 16100
110166.10166.10666 16670
610161.10161. 16011 16010
610166.10100.17606 17616
11,6611.10611. 17666 17666

5025821025881 07289 07297
6025581025581 07018 07012
710671.10671. 16607 16706
8025891025881 06866 06875
9026041136041 o,6006 06016

10 1,6610.10610. 16616

11 1666110666. 16176 16100
161,6611.10611. 11606 11707
1610661.10661.11160 11166

15126717102671102795 02812
16 026771026781 01915 01985
17 0268270 026681 00809 ,

18 026861026871 09821 09858
19 026891026891 07089 07090

601060116601. 11067 00001
61 1660116600. 00660.

6760. 10066. 10066. 1017110171

026181026191 056ω1 ⁰5⁶3f'
026041 020141 001171 060100
025881 025891 068711068ῖο1
10671.1,6676. 1660716601
025581025541 089991 06991·

025841025851 072801 072601
13516. 10616. 1761017610.
024901024οὴ 077891077096
024661 024671 08021108001
024411 024421 082891 082401

10116.10116. 1611610661·
1666110607. 1661116060·
1,6667.1,6666. 16060. affl?
028271028271 0910310801
10601.16101. 06176· 061701

1006110111. 10116. gffij
161856116Ἓῖ &3⁸:3ng
1111611666 30661160

lm m ω16110011

1
1 1

66 10660.1,6600. 17616. 17606. 11000. 11000. 10606· w*
66 1066110606. 06160. 10177. 11061. 11666. 10100· 1109·
6110606.10606. 10066.0,0017. 1,1006.1,1606. 106601606ῑέ1

66 10677.1,6677. 0000111006. 1106111666. 10666100·
66 1067110671. 16066. 00667. 1170111706. 11767. uffi:
6710666.16666. 0060116671. 1176111760. 141⁸&th
6010666. 16661. 1110111106. 11671. 11676. 1001· ¹3⁰2„
29 0264870 026441 047281047241 016161016151 01028111

80 lffiln

10666. 1600116600. 1066111666. 11116. 1111*

61 1061110610. 1666116660. 1110111161. 11110. mm·

66 1011601001. 16017.16016.

 

