Tabula vl. .

1111111111 recta tedia 8⁰1⁸·ae pro 11111ὶί11 meridiebus 1111111· ficti,
addita Nutau'one Solan'.

11411111τί111. Februm'uu. 11111111. Aprilis.

1141 11111 11141 11111 1111 1’1’,111 ’ὁ 11 411911
4111111 411111 . 1111111 1141114
4111144 111411 4111911 4141111
1141111 141111 4411411 4111111
1111111 1111111 4111111 1111111

59 411118 21 156‚074 1111114 1411116
19 389‚376 552,629 56 16,186 58 29269
7⁵⁵,933 949‚184 23 012689 1 225‚822
1131191 1141111 4 2242 622375
15211049 1741114 8 5795 1018923

(Φωκὶσῧοῑ ῥωωμο

’ὃ

1911111 1111149 111141 1411411
1111114 1111411 1111111 1111111
11 11111 1111111 1111411 11 1111
1111119 1111111 1111111 111141
1111111 1111111 1141111 111111

11 1111 4111111 11 41111 1111141
41 4111 4111111 1141111 , 1114111
41 1111 49 14111 1911111 41 11111
1111111 1111111 ’41 14111 4141111
1414111 111111 4111111 49 44411

1111111 11 1 4111 1111111 1141111
11 141111 1 1141 1114411 1111111
144111 111491 1111111 1114111
1141141 1114111 1111111 111111
1411411 1111111 114111 111111

1111111 1141119 1111111 1111111
1111111 1441111 111111 1111141
1111111 1141111 111141 1111111
1111111 1111111 111114 1111411
1411111 1111141 1111111

1111141· 1111111 111111
4111111 1441111

38 13&ssssss §zama-28

. In 1111111. lan. et Febr. 1111111111 bissext legitur 11111 inaquam

 

