7669919 vm
1706.

Ῑιομ 1993AE 1193. 0 1993AE leoga 9:

1691. 0 069669 07990
10 0666099 07876
20 066829 07711
60. 019669 07617

Febr. 9· 011969 07601

99 69696. 69699·

Mart 1 &9563- 06906
11 0661999 06766
21 0760699 06661
61 &6981- 06666

Apr. 10 66699. 66669
6 169· 666
996. 96 66696 66999
66 69996 69699

66 99966 69996
sun. 9 99996 69996
99 99996
99 99966
96. 9 99699

99 99669
99 99696
Μ’ 96 66661
99 9ζ6966

6669 96999
99 96969
99 96699

66. 9 96696
99 96699

27 06666
Nov- 6 07090
,96 99696
26 07666
Dee. 6 07797

16 06011
26 06677
66 06199

69996
69669
69999

06766
06609
06616
06966
06666

66969
66999
69969
66999
66966

06966
06666
06710
06782

06761
06706
06669

060961 01998
0807099 02790 ,
0976699 06126 ‚,
0081199 01677

016699 01096 ,

060969 09970 ,
061681 08666 ,21
0668699 06181 ,28

16690· 96805· ,399³

066199 066691

0611699 0811699 ,
0006699 0001799 ,
99666. 99996, ,
066. 9999: :

6699 966 ‚

090689 0606199

69669 96696. ζ
69999

66996
99969
99999
99666

06969

99699
16664
99669 ,
99699 ,
99699 ,

99999 ,
99699 ,
96966
69996
69966

06617
007669 06066
061809 06967

 

066869 ,

lm ⁸ 9
02168 n ,
016616 ,
00666 ι ,

099432· 9
071699 ,

