’118011 VIII
1818.

ιαμ μμ 14⁶ ως.» ιαμ 9:

WQWQWQ-vw-

921 &⁵797
ιι 99467
ιι 90096
91' 9'1090

9090 9’1909

,9 399
11 98158

999099 ,

81 mr

00099097,
1099042,

80110) a&
10 253oe

00 99790
00 9 99079

099009ζ

29 9‚6724
101 9 97012

19 97868
Β 97198
988 97687
18 9,7852
88 97991

001 7 99 110
0 99010

87 97811 ,
0017 98118 ,

17 97517

17 98689
1106 98762
16 97905
86 99061
9016 99225

16 99892
28 99557

86 99718 ι

0ζο000. 99091 ,
09790. 19097 ,
men. 1,1879
175681 17οΜ

Ima 0,9978 ,
171881 ⁰,8270 ‚
iffi· ⁰,5189
lfflffln 977111

, 176191 056881

wls· 071171 97362
170681 1,(17181 ,

175561 171111 9,5151
178811 178681 9,5502
078211 178981 97821

078861 177511 96128
078681 179701 973101
970191 170611 96667

09900 090999. 99915·

07289 198&- 97150

09120 175991 97878
17811 171671 97585
17197 175191 97787
17810 176801 97980

071291 97161

071651 97812
071511 97518
87918 ,

,6688 ‚
ο,9019 ‚
19441 ,
1‚14¹s ,
09090 ,

19579 ,
19070 ,

, 19007 ,
omn! mom ,
0‚647⁰n 17988 ,

0601

-ι- 0,οι
4 0,01
4 0,01
4 0,01

90,οι
0,00
0,00
0,00
0,00

0,(11
0,oe
..0,01
..0,01
-0,01

..0,οι
090
090
0,oe
0,oe

ο,00
0,oe
0,οο
0,00
090

 

