Tabulae X. sect. L 13 Librae.
Ι

1733111. 31433333331-11333117 1733111 11671337 -17313133

Apr. 10 55386 33 03 Apr. 10 26,089 5918 .

13119 55404 32 54 111119 26,099 5980
06127 55,413 32 01 06127 26118 59 043
Dec. 66 564121 31,43 036. 66 26,147 1, 10

1751133. 0143658702 -14564725 17611311. 0143729427 -145916,47
Apr. 10 58,695 46, 64 Apr. 10 29, 461 17,14
13119 58,679 46,01 111119 29504 17113
06127 58 ,653 45 ,35 061. 27 29, ’554 18, 53
03666 58 618 44,66

17521.311 11437 1919 -1457 0,51 17621111. 0’143732,883-145934,58 A

036. 66 2,9 613 19, 23 1

Apr.10 1,878 5659,81 Apu-,10 34945 3523 .

161. 19 1,828 ’5910 11113 33016 3597 p

06127 1,770 5838 061. 27 33091 3665 7

Dec. 66 1, 704 57, 66 03666 33173 3731
1733113. 31137 3313 -11371337 1733 Jan. 3113733135

Apr. 10 4944 1260 Apr. 10 36, 520

Jul. 19 4867 1210 11113 33333 ,

Oct 77 4788 11, 42 oct 27 36 701

Dec 66 47133 13, 75 Dec 66 36' 797

17541317. 01437 8,012 -145726 59 17641311.1143740,055-15 01047
Ap.r10 7,919 25,94 Apulo 40,153 10,99
111”1.19 7822 2533 161. 19 40,251 11,47
031. 27 7 722 24, 76 oct, 27 40’ 850 11,90
Dec. 66 7 619 24, 23 Dec. 66 40, ’450 1228
17557111. 0143710943 -14574001 1765133. 0143743708 -15 oms
Ap.rlO 10 839 39 51 Apr.10 43 807
111119 10,735 39 06 16119 43905
Oct. 27 10, 631 38, 67 Oct. 27 441411 28, ’87)
Dec. 66 10 527 3834 ι036. 66 44094 2878

--.- ——..—-————.—-

1733111. 111137 13 331
Apr. 10 13, 749
Jul. 19 13 333
331. 77 13331
Dec. 66 13462

1757111. 3113713737 -1133 733 1737111. 3113733337 -13 1 333
333 Apr. 10 31333 33333
337 Jul. 13 31333 3373
37. 77 11373 333 33377 37133 3337
pec 66 13737 3,11 33133 31733 3373

175813-11. 0143719779 -145824 65 17681311. 1143754 482 -15 11495
Apr. 10 19714 p . 54, 529 1463
111119 19658 25,10 111119 54567 1426
061. 27 19, 611 25’ ,42 061. 27 54, 596 13, 63
Dec. 66 19, ’572 25 ,80 Dec. 66 54, ’616 13, 34

...ι-ι·-

1733111.3143777371-14331173 1733171 31137373371-1317333
apr 10 77 711 , 1133 17313 57 916 7133
Jul. 19 77317 1711 11113 37 371 7331
3777 77337 1735 33177 37313 7711
33333 77737 1373 33333 37337 7373

 

