Ι Tabula vm
1773.

w w 7777 77777 w 7

WWWWWW

sm. ο 97777 79777 77777. 77997 -00 ÷6‚oe
77 97997 79577 797777 79797 77779
97 97779 79579 79795. 77795 77777
7ο 97777 79775 77775. 77777 79777
rebus 97775 79795 77577. 77797 97777

7 19 08709 09810 120941 09968 01852
Mum 99757 ’79979 77777. 77957 97777
11 04802 09201 026821 05181 02818
- 21 04541 09194 026901 02882108898
81 04768 09222 026181 056291 08015

05οὈ 09282 024151 084461 04862
ι9 5247 09866 120681 000461 04776
05512 09464 0155677 011121 05154
05796 09564 008861 018611 05502
9,6098 09658 0982577 mm· 05824

9,6898 09784 0884277 0275077 06128

Jun. 9 9,6701 09788 058761 029691 9,6404
19 9,6994 09815 090891 080611 9,6667

29 07270 09812 08554 messa 9,6915
8711. 9 ,9,7525 ,09781 07228 0288277 07150

79 97757 79795 79777 79777. 97777
99 97955 77575 79759. 97575
Aug. 8 97777 79559 77797 77559, 97777
777777

Sept? 08514 09828 02519 074711
08610 09291 02664 084611 08512
27 0870) 09288 02682 00908 ,
071, 7 08790 09818 02572 06688 ,
17 08885 09878 02824 09081

· 77 97997 79777 77979 77777
Nune 99777 79555 77779 77777 ,

75 99979 79557 77777 77799

97 99777 79777 79977 77577

7775 99577 79795 77757 79757

8 887 889 388. 198 ,
86 99998 09802 061841 ms?

 

