lagu( LopB 1111.ίῖΙ lagm Ιρμ Ε

11 ι 13141
ιι ww
ει 8191
³1 9‚5s47

1811 957oe

m 88888
um 1 9‚6245

ιι mo
21 9‚s⁶⁵⁵
ει aem

07082
91180
mo
⁹‚7662
81891

8811
masos
936oe
9‚8821
929028

09217

ιρι. ιο
20

z

ἵ

Tabula vul.
1804.

077071 050961 02999
077411 080691 02790
078151 097241 02426
079111 mals· 1,1878
080121 1,15691 1,1094

ο,8ιόι. 11111. omo
081681 024881 08267
omar. 13632„ 0‚51s5
388 188888·

079921 024151 084471
078441 020681 000471
076651 1,15561 1,11181
074701 008851 1,18621

,178741 offla 1,2391=

070941 088401 027511
069471 058711 029691
068471 090601 080611
068021 08565 080881
068121 07282 028821
068701 09116 1‚260⁰n
069611 00888 021681
070671 1,1195 1,15511
071711 1,1809 ,
072551 02289

078051 02519 ,
078101 02664 ,
072621 02682 ,
071571 02572 ,
069971 02824

067811 1,1920 ,
8881 888 ’
6811169188
057681 07257

055841 08220

04862
07878
09184

01852
02144
02818
98898
09905

04862
04776
05154
05502

06128

98484 ,ζ

06667

06915 ÷

07150

97878
97585
97787
97980 ,
08164

08842
08512
08676
08884
08986

09184
09276
09414
09547

054841 omma 1‚so56 ζ
om„ 168781 0987 ,

 

