Tabula vlu
1⁷82.

Ιιομ laad 12⁰3ss 1⁶41) 123.ae Ε

wwwfflww

su o 33333. 33333. ο,3ιοι. 93333 -ω -633
10 985471 989661 980721 92790
20 &5501- 991371 997261 92425
80 986981 991841 908141 91877

reb. 9 94421

ιι 33333
ιιιιιι 33333
ιι 33333
ιι 33333
3ι 33333

Apr. 10 92188

3 3333

33 333
8

80 94991
133 ,9 96479
19 95981
29 96848
131. 9 96718

19 97040
29 97886
Aug. 8 97574
91998

&m 3,3ι3ι
17 33333
33 3,3ιιι

03. ⁷ 33333

17 98681·

87 98827
Nor. 6 93984
16 99158
80 99881
933 3333

ossas„ 1,1⁵70. mosa

994111 920941 99969
994981 924881 98266
995561 926821 95182
995881 926901 928211
995761 926181 956291

995881 924151 984461
994761 920681 991471
998961 915561 911121

,998081 908861 918611

om. 333333 meo·

&gff- ’988421 927501
3833338 W} 180668
991071 98567 980881
991561 97229 928821

992821 99114 926011
998261 90887 921691
994281 91194 91551 n'
995281 91808

996161 92289

996821 92519
997211 92664
997801 92682
997081 92572
996671 92824

995821 91919
994911 91822
998951 90467
998061 99222
992871 97264

991981 98212

90688 1
99488 1

3333

18099

31333
33333
33ι3ι
33333

91862
92144
92818

1388

94862
94776
96154
96602
95824

3,3ιι3
33333
33333
33333
3,ιι33

97878
97585
97787
97980

-ο,οι
-331
..3,οι

..3,3ι- Ι

-ο,οι
-ο,οι
..0,02
..902
...3,33

.. 902
..902

3,3ι33 · ζ

98842
98612

omos ‚ ,
33333 , ,

90448 ,
91414 ,

ι933ι ,
19880 3

lm,

991941 907721 98056 ,
992281 964821 92987 ,

 

