’16166616 vul.
1⁷51.

w w Lus-c tas-11 usa Ε

Wwvvwwww

6... o 95666 66666 65659. 66996 -ω 6.ὅο
66 95666 56666 ,6,6666. 66669 66666 666
66 96596 66669 69666. 66666 66666 590
so 66566 66699 66666. 66666 69666 696

66569 96666 66669 66566. 66696 96666 660

65 96665 656656 66696. 69966 ,
¹ 666666 96556 66666 66666. 66666

66 96666 66696 66666. 55669

66 95556 omo 66696. 96656.

66 96695 66666. 65666.

66.. 66 95666 66665. 66666. ,
66 95696 66666. 66566. ,
66 96956. , 66656. 66666. ,

maj. 10 96666 65666. 66666. ,

· 9ο 95666 , 59666. 66996. ,

80 9,8517 , om· ww· ,
Jun. 9 93728 ‚ 008806

19 ,9,8927 , 9310966 ,

29 99118 , 03516
lul. 9 9929? ‚ om

69 99666 , 69666

69 95659 , 66655 ,6
me 9‚9⁷³⁹ ‚ 1‚119s ‚

0 690 ;

06667 00001 ,
66 666666 ,
27 00180

oet. 7 o‚02⁵5 ζ
66, 66666 ,

’ 27 00115 ,
Nov. 6 ·o,0508 ,
. 66 66666 ,
06 oms
066. 0 om

66 69964 ,
66 66666 ,
66 Ι66666

 

