ma Ι11111 uffo ug.» Ing-t 9

119. 0 98889
10 98081
80 98647
80 98108

rebus 9,5486

19 9‚5797
111111 99919
11 991119
11 99119
11 99999

Apr. 10 98881
80 98087
80 98805
maj. 10 98585
20 98775

80 98020
11111. 9 9,8264
19 98508
29 98780
1111· 9 98942

19 99116
99 99199
,Μ’ 19 89891
99 99911

91119 99119
19 99911
99 99999

oet 9 99199

- 19 99199

27 08278
Nov. 6 08886
16 08504
26 08680
Dec. 6 08762

11 99199
19 moso
11 99191

Tabula vm
1841.

080571 080651 18791 ,
081281 ome· 18427 ,
082201 188181 18879

088181 185681 18095 ,
0840811 180981 08972 ,

084641 184881 08869

084891 186821 08189 ,

084741 186901 987501
084161 186191 086281

088161 184151 084471 ,
081811 180681, 180481 Ι,
080191 185561 181141 ,
088481 188841 188681 ,
086661 0888811 188911 ,

99999. 99119. 19951. ,
oms„ 199151 19999. ,
oms„ 9‚902⁵. iffi: ἰ

112882· 2

185991 ,
181671 ,
185491 ,

082511 08578
082641 08288

088191 08119
084041 18840
0850811 18196
086001 18810 2
086791 18840

087271 18519 ,
087841 18665
086981 18688 ,
086011 18578 ,
084601 18885

082741 18980 ,
080551 18888 ,
088191 18470
085881 om
088851 08862

082881 08184 808
081501 087881 18056

081421 084721 18988 ,

 

