Tabula 1.
&mmmmmfianmpmn

1750 4 0114 251 10110
1751 -584121 -0151
1751 4 12 86 491 10116
1755 164811 10185
1 1754 1059121 10141

1155 - 449 551 -0101
1155 11511551 10151
1151 1151451 10114
1155 114401 10111
1159 -4 4411 -0110

1760 414 6241 10188
1761 4 817 561 10146
1762 4 228481 10108
1761 - 319591 -0189
1761 11451121 4o‚619

1765 192141 10177
1766 4 811161 ’10184
1151 - 155111 -0105
1155 115 55 01 10150
1769 4 9471211 ..10108

1770 1555141 10155
1111 - 150151 -0,011
1111 11510 451 10151
1115 110 51 01 10159
1114 1445151 10191

1115 -15551 -0145
1115 111 5551 10111
1111 11115451 10110
1111 151501 10115
1119 .. 010 411 -0,014

1150 111 50 141 10145
1151 ÷ 11 1555 10101
¹⁷82 1511451 10159
1711 1014 1,0 10111
1711 11555151 10114

1185 4 12 46 25‚1 4o,552
1155 1551511 10190
1787 41 8491 10018
1188 1191011 4⁰‚806
1789 -1-15 31 101 10168

1790 114ἒ2ἓ1 10121
1791 4153373 401179
1792 1104501 10117
1793 41416 2,1 411591·

1194 1511141 10155

1795 4 298281 10110
1796 42049981 101168
1191 115 0501 10155
1195 191119 10155
1799, -1-523151 10141

1500 -115511 -0101
1501 -514101 -0149
1501 -14 5 51 ..0,555
1505 -1951551 -0111
1504 -140451 -0110

1805 -72931‚7 -0512

. 1505 -1515191 -0,554

1501 -19111 -0191
1505 -055 551 -0,059
1509 -544411 -0151

1510 -1155501 -0115
1511 -1511151 -0155
1511 -01151 ..0,005
1515 - 559551 -0150
1514 -1145411 -0191

1515 -1717191 -0,754
1816 4 088411 10125
1517 - 515 4,6 -0119
1518 -111511 -0,461
1819 -1652101 -0,708

1510 1115511 10155
1511 - 450151 -0155
1511 -1019 51 -0150
1515 -151501 -0,511
1514 115111 10155

1515 - 545151 -0151
1515 -954151 -0199
1511 -1515 11 ..0141
1515 1145101 10111
1519 -50551 -0115

 

