Tabulae X. Sect. ll α Qui.

333ο3ιιι. 0245'334‚s19÷4‘424 633 333333. 3363139333 mio ’3,33
433. 10 36,632 9,63 Apr. 10 55,495 036
ιιι. 33 33333 3333 33. 33 33333 333
33333 33333 3333 3333 33333 333333
33333 33333 3333 33333 33333 3333

1771333. 0203338673 4442823,14 1781333. 0203357584 4443912211
23,43 433. 10 57,613 1219
23,64 lul. 19 57,648 1217
23 ,79 031. 27 57, 687 1222
23,86 03366 57 732 1333

33333ιι 3333333333 3333333333 333333. 3333333333 33333333
3333 ιρι 10 33333 3333
3333 sut 19 33, 333 2513
³⁶‚17 3333 33333 3331
3333 33333 33333 3333

1773333. 0203342520 444284851 1783333. 02034 1,993 444303811
48,28 Apr. 10 ι 2055 3849
47,98 331. 19 2119
47,62 03627 2185
47,19 033. 66 2254

1774133, 0203344339 4442115979 178453312034 4271444305225
Apr ,10 44270 59 32 Apr. 10 4340 5282
Ju1.19 44200 58 81 Jul. 19 4410 ,5342 ,
03827 44, 129 58 ,24 Oct. 27 4480 5406
Dec. 66 44, 056 67, 62 03366 4,550 54, 74

1775333. 0208846121 4442911429 1785Jm 02084 6,567444816,99
333 Αρι. 33 3333 333
8 97 331119 6 704 830
8,26 Oct, 27 6,769 9,13
7,63 03366 6333 937

1776 3011. 12088 47, 897 44429 20,24 1786 3311. 02084 8,852 444 81 2210
433, 10 47, 828 19,49 Apr. 10 8,914 3335
ιιι. 33 33 333 3333 13119 3333
00427 47 ,699 17 ,99 00427 9,027
17 ,28 133366 9,077

29,19 Apr. 10 11‚149÷
28 ,45 sut 19 11,191
27,73 03827 nm
27,03 03366 11258

mam 0203351552 4442913973 178333312034132894443152399
Apr. 10 61513 , p. ‚ 5390
842 343 ’
03366 51433

, 4442949989 1739333. 33334133334443260 ¹
4936 Apr 10 15409
48,ssss 13113 15396
48,46 ont-27 1⁵587
48,10 nass lm

 

