Tabula v111
18⁰1,-

lag] ,102AE hgec Log.D laga Β

”ww-‘mmmmm

8111. 0 8,840411 9908011 950971 1,2999 -οο

10 81114894
20 717251
80 815867
10119 818869

19 99804
Mal 90782
11 91522
21 92127

81 92661

8111. 10 98162
8 11111
1³¹1 111

80 96598
lun. 9 915967
19 96874
29 96718
911 9 99699

19 97988
29 917658
Aug 8 917888
1 3311}

⁸01t⁷ 99169
11 919911
27 919969
611. 1 919191
17 99911

27 99069
Nor. 6 99211

19 99911
19 99911
n«. 9 99119

19 99991
19 16666
19 16196

619119. 619616. 111196
6199911 6197191 19199
619911, 1169111 11919
619999. 111969. 111699

995541 1,20981 99970
01968811 1,24881 018266
996861 1,26821 95184
997061 1,26901 927981
996951 1,26191 9562911

94862
817878
819184
910888

91852
912144

996541 1,24151 9844711 ,
0195861 1,20681 1,00471 ,
0195051 1,155611111181 ,
0194141 1108851 1118621 ,
0198261 01982811 1128911 ,

992521 9884011 1,27511 ,
01920211 0158721 1,29691 ,
991801 990681 980611 ,

991911 98564
992841 97282

998081 99116
9989111 90888
0194871 91195
0195801 911109
996611 1,2289

0979ss- 1,2519
9975711 1,2664
0197611 1,2682
997841 1,2572
996791 1,2824

995991 91920
995081 91828
994021 90468 ,2099
998101 99228
992841 97257 γ

991891 98219
9918011 9075911 98056

18112

11112 ;

1,26001 ,
1,216811 ,
915511 ,
906881 ,
994821 ,

974691 ,
0184571 ,
90907 ,
96688 ,
019019 ,

11111 ,

69169. 691191 19911 ,

-6,61
..6,61
..661
-6.61
-691

..6,61
-6,61
..6,61
..6,61
..6,61

..6,61
..6,61 ,
,691

..6,61
..6,61

..6,61
..6,61
..661
666
⁰1³⁰

0111
0,oe
9101 ’
0111
0,oe

901
010)
90]

6166
966

696
6,66
666
6,66

, 696

6,661

 

