Tabula vlu.
. 1880·

1193AE 1991. 0 1103AE Ing-r Β

m

111. 1 982691
11 986081

081201 080881 1,2999
0,668610,80661 1,2791
21 928891 087961 087221 1,2127
81 981061 080241 1,081211,1879
818110 9,12641 082611 1,16691 1,1096

9 983231 081611 1,20981 08972
Mi 882771 086211 1,21381 08269
11 880821 omo· 1,26821 08188
21 883761 088091 1,26901 987661
81 886111 088281 1,26191086281

·· ω
81862
8, ’7878
8, ’9181
98888

98862
92111
98818
98898
98906

191. 10 783301
20 88379
80 88806

99999 99999

20 98377
30 98676

1119 92668

19 98890
29 98039
191. 9 98631

99 99999
99 99999
1999 99999
99 99999
99 99999

9999 99999
99 99999
99 99999

99 9 99999
99 99999

99 99999
9999 99999
99 99999
26 98271
999 99999

16 98729
26 98960
36 98169

999999 99999. 999999

’0,77881 1,20681

180181

086191 1,16661 1,11111

086191 108311

1,18621

081651 088221 1,23911

088881 088871 1,27611
088461 088661 1,29701

083661 9811301 180611

99999. 99999
086211 ow!

086681 08119
0’7891 18340
080131 1,1196
081691 1,1810

088161 1,2240

99999. 99999

086131 1,2661
086681 1,2683
0,86619ι1,2672
086111 18826

084111 1,1920

180821
1,28821

1,2691
1,2167 77
1,16491
106811

084801

081661
081621
08912
08688

69999. 99999 ζ

082661 18169
081701 08226

98862 ’

9, 1776
9, ’6161
98602
9, ’6821

98128 “

98101
98667

98916 ··

9,7150

9‚⁷⁵⁷⁵
99999
99999
99999
99999

98812
98612
98676
98881
98986

98181
98276

’ 98111

081111 o‚7261 ‚

999999 99999 ,
999999 999999. 99999
99999. omn. 99999

98617
98677

98808
98926
08041

 

