'rabula vm
, 1⁸22

lau 19111 140 1919 991.. 9

’συνωνύμων-’ΜΨ

wffiffl·mzfflffiffl
11111 1161 9 89 119

[dd sm oms·

999 ¹⁹33& 1111
11 919999 99999.
99 916199 (19999.

99 916999 99999.

ΔΙ’91 111 111
99119 ffi:

99 99999 99999.
99 1191 191

a 99999 99999.
999 919999 919999. ,

99 99999 99999. ,
ὃ 919155 (180181

99 9991 ’ ,
9911169111 919999. ’ ’ ” 919999 ,19199

Ἢ 99686 ww· 99999. 99999 ,1999

99783 mm . 99999 ,1999
99 99999 99999. 99999 919999 ,1999
⁰²13 111 1111* 11 111 1111

Nn 919999 99999.. , 19199 99199 ,1,999
...9 99999 99999. , 19999 99196 ’.19199
1 111 1111911 1111 1111
⁰⁸⁸⁶ ⁰2⁰&ss ⁰2⁷2&- . 13880 999177 40101

{zm 11111111, 111 111 111

99919999 naon. 919999. 99999 919999 1999

 

