Tabulae X. Soet IL α serpentis.

mom, 5555555575 5θ §aas mom, 5555555575 55 7555 ¹
apr. 10 55555 5755 Apum 55555 5555
w 55555 5555 5 55 55555 5755

57555 5555 oct 55557 5555
555555 57555 5555 555555 55557 5555
55

ἶ7ᾒ555 55555 5555 57 55757 5755555. 5555555555 57 7555
55, 55 55

5557 5555 5555 55557 55575 55
575555 5555 5555 55555 55555 5555

5775555. 55555 5555 57 55555 5755555. 5555555555 5 7 75557
25⁸}ss 3¹ss 333 25²}ss {Q 3·ῗέ
ow 5555 soka 5557 55555 5555
55555 5555 5555 555555 55555 5555

1773155· 01583 6505 57 55555 5755555, 555555557 57 7 55
55 55 555 555 5

5557 5555 5555 5557 55555 5555
nesse 5555 5555 umes 55555 555

masan, 55555 5555 5 7 5 555 57551555 5555555755 57 55555
55·ἰὲ 5555 5ἒὲ 551ἓὲ555 55
5557 5555 555 om 55555 5555
,555555 5557 555 555555 55555 55551

5775 san. 5555555555 57 55755 5755 555 5555555555 5 7 55555
55· 13 ἰῗῑὲἓὲ ἓξὲξ 55553 &Q ,-
55557 55555 5755 5557 55555 5
555555 55557 5555 555555 55575

5775555 5555555555 57 55555 5755555 5555555555 5 7 5555
Ar. 10 55555 5555 Ap. ‚ Ι
5 55 55555 5555 sut 55 55555
· 5557 55555 5555 5557 55555
555555 55555 5557 ιι 55 55555
Ι

1me 0158322699 -Ι- 7 8 8,70 17891555. 0
ff} ἐξὲξ
ἓξὲξέ ἐξ 3:⁷2

 

