Tabulae X. 8991. 1 α ophiuchi.

9999999. 9919891999998191199 9999999. 9979891999919911999 9
999. 99 99999 9999 999. 99 99999 999
999. 99 99999 9999 999. 99 99999 999 1
999. 99 99999 9999 99999 99999 999 ,
99999, 99999 9999 99999 99999 999

9999999. 9999999999 9999999 99 99999999 9999999999 99999 999 ’
999 999 99 999 99 99 999. 99 99999 999
999. 99 99’,999 99’99 Jul. 99 99999 999
999. 99 99999 9999 09999 99999 999 ,
99999 99999 9999 999999 99999 999

17581999. 1172826998 9124549659 1762119999. 0172856264 -9-12445896 1
Apr. 10 26958 41,85 919910 56885 5782
Jul. 19 26901 4208 Jul. 19 5s‚391 5721
091. 27 86844 42 77 09627 58 461 5671 ’
Dec. 66 26, ’780 48, ’48 Dec. 66 58, ’586 56, 28

999999Τ. 9999999999 Ἰ999999999 99991999. 9999999999 99999999 ,
999 999 99 999 9999 999. 99 99999 9999 1
999. 99 99999 99’99 999. 99 99’999 99’99,
999. 99 99999 9999 99999 99999 9999 9
Dec. 66 29280 4691 Dec. 66 56608 5669 1

17541999. 0172888088 9424586817 17641999. 1172859851-9-12444841
Apr. 10 81‚999 88 78 919910 59, 484 9
Ju1.19 81‚915 8609 Ju1.19 59,517
09127 81, 889 89, 88 Oct. 87
Dec. 66 81, ’741 89, 50 Dec„ 66 59’ 682

17551999.011728845459-12458606 17651999 01724 ἐξῇ) -9-1244ἶ41..θο
2590
2’666
2789

9999999. 9999999999 ,999999999 9999
’99,999 9999 999 99 9999
9999 999. 99 9999
. , 99 99 99999 9999
999. 99 99999 9999 999999 9999

17571999. 0172889496 4424526174 17671999. 01724 6502
1191 818

09127 89812 2685 09627 6641
Dec 66 39 264 2688 Dec.66 6674

9999999. 9999999999 Ἰ999999999 9999999. 9999999999 99999999
Apr. 10 46010 2642 Apr. 10 11 ,467 8991
999. 99 99999 99 99 999. 99 99’999Ι 99’99
99999 99999 99’99 99999 99 999 9999
9999 99 99 999 9999 99999 99999 9995

9999999 9999999999 99999999 9999999. 9999999999 ,99999999
9 9 999 99 99 9. 999 ”⁴⁶
0¹19 99999 99 99 99999 99219 .
99999 99999 99’99 999. 99 99999 103

 

