Tabula vm
1771.

111 1 99311 , 13111. 19993 - 00 ’
1ο 99111 , 19113. 19191 31333
3ο 99113 , 19111. 19193 39313
31 93133 , 19313. 19313 39131
11111 99111 , 19311. 19191 99333

19 99319 , 19191. 19913 99331
111311 33133 , 19133. 19931 99111
11 99113 , 19333. 19131 99311
21 99131 , 19391. 99311. ,99393
31 99931 , 19313. 13331. 99913

Apr. 10 93089. , 191151 084161 99662
2⁰ 9‚7245 , 1,2068n 1‚0046· 9‚4776
80 93423 , 1,15561 lm· 9‚5154

maj. 10 9,7616 , 1,08861 mam· 95⁵oe
20 9,7821 , 098251 198901 95821

60 98086 , om· 197501 96123
Jm· 9 9‚8251 , 0,587711 199691 96104
19 98164 , 9,.90911 191511 9,6667
29 9,8669 ‚ 08558 1910881 9,6915
Jul. 9 9,8860 , ⁰522? 13882· 9,7150

19 19133· , 19113 19311. 99319

19 99191 , 19311 19139. 99333
3 ‚ ‚ 1131 11111 313

13 ζ ζ 19119 19111. ’

ew ‚ 11319 19111. ,
ἐξ ; ; 1921 3131 ’
out-⁷ , ‚ 19311 19333 J
11 19191 19111 ,
Nona 19131 ζ 11169 19111 ,
¹6 Qum ς Ῑςωω im ἱ
93 19113 , 19111 19311 ,
nn 1 19111 19111 19331 ⁴

1111119191
96010810,0,618411,2997,

 

