001 nme uffo uffa υιι

Tabula vllt

1780

t

wmwfflwffl

111. 1 065191
ss 7ΞΜΜ1
21 04727
81 07995
Malo 09691

00 00794

091511 051061
090121080741

333· ,3ζο

003 000 mmm:
11 000 ,

3 333

ΑΡ33 30

80 00504
1111330

80 9,5808
111. 9 06080
’19 06614
09 06969
111. 9 07091

n 000
m 000
mm 3 000
33 000
a 9,00

007 9,00
n 600
n 600
oa ⁷ 600

17 09059

0036ἕὲ
9301
90609809

ἐξ om
86 0,(880

09746 1
098821

096881
096201
095851 ,
094421 ,
098521

3οε
091971 ,
Ι

098101 09118
098941 00885
9931 1168
666561 10089

097141 02518
097461 10664

91·,99591,1994

80 03
098781 00466
3οε 10

{w

1, 1876

1 01092 ζ
ΟΜ 3
1 08264
1 05180

1 028481 ,
1 056801

084461 ,
1 001461 ,
1 011121
018611 ,

008901

027501· ,
1 029691 ,
1 081611 ,
lm! 1
lm· 1

im· 2
0οῑ 1

006841

039099,

00148

99 ;
lm
00901 mmm m

6661 6661 666,

084621 ζ
09748102682 00902 ,

9197181 mn 06688

6ω
,00
9199

999
38
-001

-60

-9,01
-o'm
-60
„mm

 

