1111111111. -
‘ 1111.

, ,1,91111 omos· 19991 -ω ’
191911 111111 11119 13311
199111 191311 13191 11311
193111 111111 11111 19131

, 191131. 11111. 11193 91333

99587· 9209411 99968 91852
9960111 9248811 98264 93144
9968811 1268211 95180 92818
9964411 9269011 92842· 98898
9961711 9261811 9568011 98905

9955911 9241511 98446· 94862
99476· 9206811 9004611 94776
998741 9155611 muza 95154
9926411 9088611 9186111 95502
99156· 9982511 9289111 95824

9906211 9884811 imon 96128
989911 9587811 9296911 96404
9895011 9909611 96667
98944· 98551 96915
9897111 97226 ,97150

191911 19111 93311
131131 11331 ,9 1 91515
191 ι 11193 , 93111
1991 1 11111 , · 99911
19313. 11139 91111

9989811 92518 974721 98842
9941411 12664 984621 98512
9940811 92682 90902 ,
9985811 12572 96688 ,
9928011 92824 99020 ,

191111 11919 11111 ,
191111 11391 11111
139111 11111 13199
111111 19111 13311 ,
131911 11911 13111

1111 3111. 1111
11111. 13111. 11911

 

