77777 x 777. 11. a 777777.

11817 178⁰·v⁸¹'·¹⁰ 77777. 777777

annor.

777. 7-1777 7 77
77-7777777- , - , 7 ‚
77-77777777- Ι- 7 7777777
77-7777 7777 7 77 7777
77777-77777777 7777777
v 7777 77777777 77 77777
77 -7777 7777 - 777 -777 -7 77 7777 77 777777 7777777
777777 -77777777 - 777- 77 -7 77 7777 77 777777 · 7777777
11-0‚140÷25‚1 - 877- 77 ..777 7777 77777777 7777777
77 77777 7777 - 777.. , - , 7777777
77 7777
77 77777
7777777
7 7 7 7 ·“ 7 18807252
7777777 7777 - 7777777 -7 77777 77777777 7777777
777771777777777 - 77717777 -7 77777 77777777 7777777
7777777777 .- 7777777 -7 77777 7777777 7777777
. 7777 77777777 77 7777
7777777 7777 - 777 7777 ..7 77 7777 77777777 7777777
Jun. 777777 7777 7 77717777 -7 77 7777 77777777 77 77777
7777777 7777 7 77717777 -7 77 7777 7777777 7777777
77177777 7777 7 47717777 -7 77
777 717777777777777777 777

197770054- 8,1 ÷ 8110 417,9 072 Diei reducto addendum 7717
77 77777 7 47 7777717777 777

Aug. 8÷3‚084- 0,5 7127177117 7172 unte 0
1573758- 4,7 7187817123 7172 9002 Μή 1 41
77,77777 - 77 77777777 77 77

Sept 7342888 -11,8 717387 7,7 72 48
17 72,755,-11,1 716757 57 7273
77177777 -777 777777 77 77 77

oa„ 777777-777 777777 77 77 77
17 afuat-119 ÷16‚54 ---Ι 2,0 73 ÷1

27,÷2,094,-15,9 ÷16‚22- 71 78 71
Ν77.6,-7-1,913,-14,1 7157371- 6,7 ÷s÷4
15 7171571171 714779 - 8,9 72 74
26‘÷1‚712- 871 713,89“-11,0 72 7-1
nec„ 777777- 77 777771-777 7777

16,-7-1,615,- 1,1 -711,82-11,1 7177

26,÷1‚623'÷ 2,ss -7- 9,81-15,6 41÷5
56 7171707 67 7 8,21-16,2 075

1 1

17 menso. 177. et Febr. annorum binextonm 17ςί177 diu 1777777777.

 

