’16661661 06661 0 8006011.

6050 66. 616100506-01616856 600 0666 6686163660” 6601606
363663 60 6’656 3333 631363 30 36333633 33336
06600 6566 0300 06600 66666 6606
06666 6566 · 6606

60561666 0666666066-0556 6660 6066666 0666633506 600666
Apr.10 66300 66660 66665 6660
0636 60 66606 66306 0636. 60 66666 6600
06600 66650 6660 06600 66600 60066
06666 66660 6650 666 663565 6006

ΰῆ

17586160.1161115,788-855188,561788160.0161150,161-85585,18
Apr .10 15736 81,77 10610 73
1631. 19 153680 81301 1031. 19 3353Ξ33339ῑἰ 18 53300
06627 153615 ,26- 5663

116066 153541 33393353, 0333333 §066⁷ 59,oe

6056666. 0666660060 -05660056 ΞΖ1666656600 -0566000 .
6 6. 60 60, 660 00306 Ap 6. 66
0636 60 603056 00360 666 60 66606 ,

06600 66060 0600 06600 66606
666 66666 0606 06660 56506

60660666 0666600566 566506 60 066. 6666656605-05566066 6
66660 003660 666660 503066 6666
3636. 60 003060 6636. 60 56660 - .
06627 226221 06600 66660
606666 06600 06660 50566 .

⁸ 1755100. 0161185796 -855118369 17851666. 03815 8,178 ’0

Ap.er 053606 6050 Apr.1
6636. 60 053566 6660 6660
06600 063666 60,οο 06600 05303
06665 053666 6605 06606 6605

6056666. 6606600,,005-06665006 60 666. 66666 6006-05566006
666 666 66 666 666 66
06600 003000 6600 066 63600 660
06666 003506 56300 06666 6506 00

6050066 0666666060 -6560 0,ιο 60 0666 66 65 60660 ..06666016
10610 88188 0318 610061 1066oe 4093
066. 60 003000 0306 666 60 60 600 033
666 66 66 666 626 66

6056666. 1⁶¹482609-25521067¹⁷⁶⁸³²2¹¹⁶¹⁵¹⁴0¹²W⁵³⁵²3⁵3
66 660 616666 66
06600 663605 60300 06600 66060

116068 853888 1865 Dec-66 16871

6050 0666 0666660060 -05500656 6000 666 066 65 66006
6 6 666 66 6 j 006
06600 603000 0660 06660 603066

06666 603065 0600 066 60066

 

