Tabula VIIL

1799.

uffa 991 uffo uffo uffz Ε

Wwwvvvvv'sfflw

Jan. 0 9400911 9692911 9509711 92999 -οο
10 9961 ann wan 999
1ο &affin 6991 6981 um&
30 9167111 9746211 908141 91877
Febr.9 9071311 9766411 9156911 91093

19 996341 9784711 9209311 99970
911191 9837011 9799711 9243811 98266
11 9676011 9810411 9263211 95184
21 9433111 9816511 9269011 9280011
31 9822811 981791 9261911 9562911

Αμ.ω 1161
ω 1196
ω &mm
9411 &ww
a> an

80 92074
Jun. 9 92967
19 93780
29 94389
1111. 9 94940

19 95415
w 9191
mm a amm
9 1111

gflept. 7 96895
’ 17 97081
27 97253
001. 7 97422
17 97594

27 97777
Nov. 6 97979
16 969
26 98399
1111·- 6 98622

11 aa&
.m amm
ω 196

9815211 9241511 984471
9809111 9206811 9004711
9800611 9155611 9111311
9791111 9083511 9186211
9782111 9982311 9239111

9775211 9834011· 9275111
9771511 9587211 9296911
9772111 9906411 9306111

9777211 93563
9786611 97232

9799511 99115
9814511 90338
9830411 91195
9845711 91809
9859211 92289

986991 92519
9877211 92664
9880611 92682
9880211 92572
9876211 92324

9869311 91980
9860511 91322
9851211 90468
9842911 99223
9836911 97256

190, Qum

9303311
9288211

9260011
92168 ι
91551 n
90683 11
9943211

9746911
93458 11
90907
96688
99019

90143
91414

19099
nnn

, 92880

98037

983691 9076011 93056

&ww
&ww
199
968

91352
92144
92813
93393
93905

989
amm
999
989
affin

96123
96404
96667
96915
97150

97373
97585
97787
97980
98164

989
mmm
mmm
999
&ww

99134
99276
99414
99547
919677

111
,ᾳωπι quw. 999 Qoeu

-fim
-Qm
-αω
-um
-αω

-0,04
-991
...994
-0,0÷ ⁸
-am'
..111
...OM ᾖ
-094 ’
..OQ 1

...0,01 1

„um 1
..om 1
-0,04 1
-nffl j

...0,01 1

-aoe
-68

 

