Tabulae X. 855517. y Pegm.

4775744. 58 151555448545155 4755744. 4 6 151547 4485745745
444. 10 55577 5555 44445 54555 4554
744. 45 55555 5555 747. 45 54755 5555
54457 55555 5555 54457 54754 5545
54455 55777 4555 ,54455 54555 5554 ¹

4774 744. oo 129,945÷199440‚14 1791 744 o o 457555 44557555
1711 188 1111 178 8111 88
54157 55754 55 55 54457 55445 5555

. 05566 28,681 88 85 05566 58200 5289

1772755. 1 0 181,729 -4-185458 55 17827574. 0 0 2 1,247 418581278 ’

Apr. 10 81,655 58, 02 Apr. 10 1881 1881
Jul. 19 81,576 57,46 Jul. 19 1‚418 1889
05527 81,492 56, 88 05527 1,507 1449
05566 81, 408 56, 27 055. 66 1599 1509

ια’-*,-

4775744. 55 454557 4455544454 4755744. 555 4545 45555455 ’
444. 445 54445 4555 ι 44445 4755 ⁸⁵6
811 11111 1111 14117 111 114

05566 84128 14,01 05566 5,014 8738 ,

4774744. 55 457555 4445555455 4754744. 4 55 5555 45555745
44445 57 457 5555 444. 445 5455 57 5
7414. 45 55545 55 54 744. 19 5545

54457 55 544 55 45 544. 57 5557 ”
544 55 55 545 5554 54455 5444

17757544. 0 0 189,954 4185552,Οό 17857544. 0 0 211,458 41859190
Apr. 10 89’, 861 51, 50 Λρτ. 10 11, 540 1959
Jul. 19 89772 50 97 Jul. 19 11,616 2102
Oct. 27 89, 687 50,48 Oct 27 11,688 2048
Dec. 66 89, 607 50, 02 Dec. 66 11, 754 2077

17767551 0 142708 -4-185610,20 1786755. 0 0 214‚807 413594949
Apr. 10 42’ ,682 9 78 Apr. 10 14, 869 4191
Jul. 19 42562 9,40 Jul. 19 14 925
05527 42 498 9,06 05527 14972
055 66 42’ ,489 8, 76 05566 15, 018

4777744. o 0 445 555 Ἰ45555555 4757744. o o 219‚o76 444 5 445
444. 19 45 455 5554 44445 45 444 475
744. 45 45 455 5544 Jul. 45 45 455
54457 45455 5555 54457 45 455
54455 45 575 5555 54455 45 455

4775744. 5ο 445455 4455544555 4755744 4 o 221‚299÷ 14 57454
444. 45 45, ’454 45, 55 44 4. 45 54545 7777
Jul. 45 45454 4554 741. 45 54 555 21⁷1
54457 45447 4554 54457 21 554 ,

Dec 66 48422 48,44 05566 muz 174ἓ

1779Jan. 0 0 151,494 ιΙ-1857 8,42 1789755. 0 0 224386 -1-14 ⁰443ss
7471. 19 51528 178 1411179 8181147
051. 27 51,550 9,06 00427 24175
05566 51, ’585 9,87 05566 24,OE

 

