ΙΙ“11111111111Χ. 891111. a Lyrae.

1180 1780 ffiossf' 11111. 1111111

'mmm mim

-’ ,- -11911911111119899191111118911
1 -15151119 - 115 -119 -1191111 99119111 1151115
9111191119 - 199 ..999 -1 19 1119 99119551 1151951
1119111995 - 991 -959 -1191111 99159955 11 1911

1131931959-1995 -919-9191111 99119911 15 1111

1775 29198538 85 79186

-1, 11919-1151-111-9191115 99919111 1511955
1111-199111119 -15,19-11,5 -911 1111 99911199 1511911
11-19191191-1191-19-911 1119 99959111 1515911
111191111119-1195-91-911 1119 99919115 1511111
1311915 1119 -11,5511,ο-9 11111 99991991 1591595

41

u} 1111 99119919 15 91911
1911191 1191-159119,1-9 11119 99115511 1591991
1119 -15,11115,ο-9 11111 99155111 1511911

. 1154141297-1898-1-186 -2 01784 2937‚6167 8588081
’1183311278 -11,81·1·28,5 -2 01785 2989161160 8585890

11951

11181191 1,1 11511111 1 ο
188127 1971 ,50188911 0

&stm- ²⁹⁹ 4 8131 4²⁷2¹ 4¹ o 115151111111111119

4 -1911191191911 o
911 1111911191
1119995 -1οζ1 1159911191981

191 asam -229 ÷18‚1⁵÷10‚⁵ ÷2÷1
1 11888 -24,7 11898 ÷ 6‚2 4242
11585 -25‚6 118881- 1,7 42 ÷2

08. 11887 -25‚4 11988- 29 4248
11978411 11880- 7,5 4248

1113182711188281 81ῖέ
1 11111-11511155-919 1911
10819 -10,0 11881 -24‚1 4144
19 11191 -19 1991-9191115

Ξὲ11919119 15,19-99,1 1115
1098811 5,7 -1- 885 -80,8 ⁰4⁵

Ἷ10955111191191-119 1111

Ι

ln 01011 1111. 111111. 1111111111 0111111111111 1131111 dies 1115111111.

ante
pont

1919 - 9991959 -1 11115 99115151 1511159
Α 1111 99119115 1511915
1111151919 -5,51191,1-1 11111 99159119 1511911
11 11119111159 - 195 1119 ο 11199 99111511 1511951
“ 1119-051-1-809 0 01790 28497987 8550986

111191Ηζ

 

