'Tmmm.

0191999 9199939999999935193 9993919993 Solis pro Horis, Mintn's et
8399999193 et Tempora? solaris medii et Temporis
sideralis.

Horae Minuta Minutn Secunda
tempori· temporis tempori· mpod·
med. nid. Ἦ 1399νον med. uid. med. uid.

‘vv-w·- ww-

{mfflsswmfflmm

5mmmfflmmwm
9999993 999559 599339999 9319935 9959 9999599959
3999559 999939 9995919999 9913999999 9309953993
9939995999993 99999999 5939993999 9999559955
5 999939 999993 9 99999999 59 Ι3993 3955 95 9953 9959
5959999 953999 99 95399533 5935999599 95 9999 9999
99 39959 3999 99 99990999 5339993535 99 99999999
9993959 993535 99 99919955 533999 9999 99 99991995
9993993 993955 93 99959939 55 9995 9999 99 99999999
99 933535 953995 99 9399 9999 53 9999 9999 39 9999993
99 993999 999995 95 9959 9959 5949359 9939 3919999995
99 953599 959955 95 9593 9599 539593 9599 39 99933959
959 99399 9939 99 9993 9995 59 95999555 33 9999 9999
99 999999 999599 93 9959 9999 5999955 9999 39 99933999
95999999 999999 993999 3993 35 9995559995

,16 287304 zama 20 5385 55⁷⁷ 36 099910198

17 999559 999933 99 3959 3999 Secund· 39 9999 9999
93 959999 953999 99 3599 5599 t„ . 39 9999 9999
993 99933 5959 93 3999 3959 ⁰¹P⁰¹²¹ 39 99999995
99399999 395599 9939993939 med. 59. 9999999999
99395995993999 254107 9993 -w w- 99 39999999 1
99933999995959 95 9999 9959 9 9 n 9999953995
95595599395999 9959359993 10‚⁰⁰8⁰‚⁰⁰³ 439911ὃῖ9917
99 955555 355999 93 9599 9599 99995 9995 999939 9999
¹254541245719 99 9959 9959 39993 9993 45 0,125¹o‚125
93995933995559 999993 9995 919999 9999 9309990995
99993995 995393 3959995999 5199199999 9919999993
99935939 995393 9959595993 5959969995 9999939999
99995939 995959 95 5999 5995 99999 9999 99 99399939
59 955599 959999 3955355599 99999 9999 5999399939
, 95 5959 5999 99995 9995 5099999939
mm.3fflffifffflfflssffiffi
wfflssfflffissffifflfflfflffi
mod. 93. 995599 5553 99 9999 9ζο99 55 99599955
w- w· 9959355999 95 9999 9999 5999559955
mamssfflfflssffiffissfflffi
99939 9993 9999999399 93 9999 9999 3999591999 9
3 9999 9999 9599999999 99 9959 9953

 

