10 022181 080611 080721 12790
, 20 011751 0,82011’ 097261 12125

80 099271 088581 108111 11877
81819 088791 085161 115701 11098 ,

19 062881 086591 120911 09969
027581 08776 n 121881 08265
088591 126821 05182

089081 126901 028221

089091 126181 056291

088791 121151 081161
088201 120681 100171
087111 115561 111121
086581 108861 118611
085701 098211 128901

085081 088121 127501
081611 058751 129691 ‚
081601 090811 180611
081961 08557 180881
085671 07229 128821

086691 09111 126011
087901 10886 121691
089201 11191 115611
090151 11808 106811
091561 12289 091891

092181 12519 071701
098001 12661 081601
098811 12682 00801
098121 12572 06688

092691 12821 09020

092011 11919 10118
091151 11822 11111
001251 10167 12099
089121 09222 12571
088821 07251 12880

088511 08212 18088
088651 007721 18056
089161 061821 12987

 

