Tabulae X. Seetsss. α Leonis.

999ο9ιι, 9 99¹9 7'',199 919 999 99 9999999 9 99997990 919 9'1191
A.pr A10 7,095 49,11 Apr. 10 37, 426 1140
91119 7’099 9999 7919 99999 199 ι
001 97 9'999 4991 0997 97'971 1194
09966 6,922 48, 75 09966 37, 652 1197

----..

17717999..095610,155 -1-1343157 17919111.095640994÷19194,99
9,,ιι 99 10 099 p 9999
19119 10 008 9
Oct 97 9925
09966 9997

9Τ999Γι, 9 999 99 999 199 999 99 9Τ9919ιι 9999999991Γ 19 19997
19910 19'999 14 99 ιιι 10 44’999 9991
Jul. 19 12, 891 ,2
00997 12893
Dec 99 99 999

17731999Ι 0 95615 936 -1-13358 52 17831999.
Apr 10 15 834
19119 15 732
09127 15 630
09966 15,529 40,51 09966 48,310“

17741999 0 35618773 41334312 17841991 95651489 413031
Apr. 10 18 673
Jul. 19 18 576
09127 13483
09966 19993

9999199. 0‘ 99991999 ÷19 99990 1799 ιιι o 99999999 918 99999
Apr.10 9999 99 99 99999 99 099 9799
711. 19 91,499 9999 99. 99 99, 199 .
οιι. 99 91999 9099 0997 99 999 .

099 66 21325 30 94 09966 55 237

17761.1999 1 95699959-91391391 1786199. 095658,431-91301111
Apr. 10 24 ,494 1419 Apr. 10 58 ,475 199³
Jul. 19 24, 440 14, 86 Jul. 19 58, 510 1711
09127 24394 15,51 09127 ’ 58,537 1611
09966 24857 16,14 09966 58,556 111

1777 Jan. O 956 27,579 Ι11325872 17871999. 0 957 1,759 4125959311
Apr. 10 27,548 ⁴ 59,33 919910 1,772 5111
Jul. 19 27,525 59,91 Jul. 19 1,775 .
09127 27,512 3 0,44 09927 1,769
09966 27,509 0,94 09966 1,754

999999, 0 95690,719 ÷1994997 1799'991. 1 997 4999 ÷19999999
191. 10 90791 9999 Apr.1o 9999 9997
911. 19 9o‚799 9999 99, 99 9917 99⁵⁵
09 97 90799 9999 οιι 99 9999 9991
990 99 99999 99 99 900 99 9999 9999

d

9Τ999ιι 0 99999999 918 997 99 9Τ999ιι, 9999 909749999919
111 10 99999 99'10 99110 9’009 9119
919, 99 99 099 9999 99. 99 7949 9111
οιι. 99 99999 9949 οιι, 99 7974 ,16

90999l 99,179 9999 190999,

 

