'fabulae X. sect. 1. 5 Pegan‘.

5755 5755 {230ss? 55555 vocam

&ww mm

- 55 5 355 -555 55 55 57555555555555 5535553555

- 7,7 5 555-555 5555 5755 55 555555 55 55575
-55755- 55 5 557 -555 55555755 55 555575 55 55555
-5,77 -55 - 555-555 55555755 55555555 ,5755555
- 755-55-5, -555 5555 5755 55555555 5555557
1755 345355 swano

-55555 55 - 575 -555 55 55 5755 55575575 55 55555
-5,755 5 55 -. 575 - 55 555 5757 55555755 55 5555
55-55555 55 - 555 - 7,5 -5 55 5755 55555557 5557555
55-55755555 - 555- 55 -5 55 5755 5555 55 5555555
55-55555555-555-55 ..555 .· 55555555 55 5555
. 5755 55 555555 55 55555

. - 5555 - 5555 55 -5 55757 55555557 5555555
-55555555 - 5555 55 -5 55755 55555555 55 5555
5557555555 ·- 5555 55 -5 55755 55 55555 5555555
555 55555555 - 5555555 -5-5 5755 55 55575 5555555
55, 5555- 55755555 -5-5 5755 55 75755 551585
5755577

5755575

55 57575

In menn. Jan. ot Febr. annorum bissextorum legitur dien insequens. ’

 

