uu m m 12041) laga

wwwwww

19155515 7111
1819.

Ju- 0 9988755 offla 0909855 19999

10 897561
’8 896711

Febr. 9 79618

19 89911
Mun-1 89119
11 89878

²1 ⁸9⁹2⁶
55 99555

55.. 55 95555

5 {ff}
555 559

80 99619
Jun. 9 99171

59 95555 59559

89 99091
Jul. 9 99181

19 9,6887
89 9,7187
95 699
88 9,7798

Sept? 95955
55 95555
55 65555
oet 5 99595
55 915555

87 99686
Nov. 6 99817
16 99081
86 9981
Dee„ 6 99898

5 95

86 99916

0988155 0906855 19790 8, ·-·
099855 097885 19186 , , ···
80 810585 0905855 1981855 19878 , -
0917855 1956955 19091 ,

59599. 55999. 59955 ,

098815 1918855 09868
0911755 [3682- 0,6186
0917755 1969055 997769
091781 1961955 05oess-

091871 191155 ow· ‚
0987655 190681 190175,
0989755 195565 191181

098105 198859 2186!- ,

99555. 99555. 55595.

OM& 0988955 197515 ,
090119 098685 199695 ,
55 990161 1906155
0908155 09570 1908855
0937155 0,7886 1988855

99555. 99555 59595. ,
69555. 59559 59559. ,
59555. 5,5595 55559. ,
99555. 15599 55555. ,

59555. ι’,555ο

59555. 59559
65963 885...
685 566

095891 mm
3333: 68
0987055 09881· 19571
0980155 09859 19880

091675 oms 19087
99555. 99555. 55955

098015 091755 1,888

0, 6688
o,9019

59555
59559
lm

 

9995. ,

5,.5555 ,
⁰:⁸4&- .

