Tabulae X. Sect. 1. y Pegad.

17501911. 0 8631331 1331111730 1100131. 1 8053033 11350113
13110 31313 1033 1310 53331 1110
111. 19 31333 1030 111. 10 53101 1131
00127 24044 4008 0012? 53,117 4802
nomes 31310 1031 nec. 66 53110 1031

17511311. 0 0027018 -1-1348 008 17611011. 0 00560041-1351 921
Apr.10 27014 006 Apr. 10 56‚931 839
Jul. 19 27002 000 Jul. 19 56,271 801
00127 27080 007 00127 56316 937
03366 27050 47 59,79 03366 56068 908

1153111. 1 0030533 1131111333 1153111. 0 0053333 Ἶ11351133
1333 13110 53113 3131
1330 111. 13 53313 3030

1805 00327 59011 3038 ’
00366 30042 1800 00366 59086 3131 ,

053111] 0033335 1131113333 1133111. 0 01 3333 11351513
13310 33311 3331 13. 10 3311 5131
111. 11 33300 3130 111. 13 3333 5131

00327 33024 ’ 3706 Oct. 27 2077 5295 1
Dec. 66 33041 3608 033 66 3066 5305 1

17541011. 0 0036241 4434185601 17641311. 1 01 6009 ÷18521338 ¹
Apr. 10 36055 5602 Apr. 10 6000 1398
101. 19 36066 5502 Jul. 19 6092 1406
oct. 27 35074 5400 Oct. 27 6085 1533
03366 35078 5406 03366 6079 15177

ι-- ---— =--——-—-—-—

1155111. 0 0033333113131131 1105111. o 01 3331113533531
13110 33335 1333 191. 10 3311 3011
111. 19 33333 1335 111. 19 9‚705 3107
001. 31 33330 1333 001. 31 3335 3131

03303 33333 1333 ί113130 · 3331 3130

1150131. 10ῖο333 1131333331111. o 0113331 Ἶ113 53 5131

13110 11303 3130 131. 10 13311 5331
Jul. 19 41008 3109 1111. 19 13097
001. 27 41017 3005 00127 13075
Dec. 661 41030 3003 03366 13049

1151111. 0 0011133 1313105031 11011111. 0 0113333 Ἰ1135111311
1310 11313 1335 110110 13333 . 1133
1111. 19 44269 4900 1111. 19 16033
103ιὲ 11103 1330 oct. 31 13331

ec.

44‚129 4803 03366 16012

11511111. 0 0011333 Ἰ11350 333 1103111. 1 0113333 1313531031
13110 11331 335 13110 13315 1093
111. 13 11303 333 111. 13 13333 .
0331 11353 133 001. 31 13313
03333 11330 133 03130 13330

17591311. 0 0050004 -1-13502708 17690011. 0 0122002 -1-1354 127
10310 50071 2705 110310 22318 123
Jul. 19 50046 2708 Jul. 19 22026
00127 50029 2706 Oct. 27 22025
00366 50021 2700 00366 22015

 

