'rabulae X. Sect. lla 0656656.

5556555. 6555156556 55566 656 5 555. 11299909492999
Apr.10 56’656 665 App1 56565 5555
111511 2131 611 6117 ’6ιὲ ’611
566 55656 656 65566 55666 5665
5555 pp 65555 6656 ,55565665 5565555. 6555556666 55555665
5,56 6555 5565 Appt· 56655 565
ὴὲᾗέἓ 3575 1151 ⁴2⁸20¹2& {3:333 {31⁵-
5566 6566 5656 65566 56566 ,⁰0

17727655. 11525 2758 6527294033 mesu 152527 657 ,
Apul 2,(531 41,07 Apul 27 735 999
11511 {9} ·’
06666 2440

mssa 01525 5,,074-1-27293003 mssa. 15530473 4527271155
46510 {⁹²¹ 30,62 Apul 30,554 llll
,165119 3110 5651. 97
06627 4,760 31,5 2 06427 9⁰,oee .
06666 4,631 31,33 176666 MS? ,

5556755. 55555 5566 ,65565656 55 555. 5555556566 6555655 56
Ap 5. 55 5565 5656 Apr. 5 56666 3773
755 56 5’655 99 71 555 56 65565 3753
655 5655 56 66 65655 55666 3733
65566 6656 6666 65566 56556 35. 3

mssa 01525 9,512
Apr 19 9,449
Ju1.19 9991
Oct. 27 9,.933
176666 9291

*¹³¹ ’5

5556555. 5555555Η665655565665 5 sm. 6555566555 ,65556563
56556 56666 5655 55556 . 65566 333
555. 56 55 565 65 56 555 56 66566 3333
65555 11'799 6655 66657 66565 333
65565 55 555 6665 66566 56566 333

17771556 0152514258 -7-272840,94 17375555. 0152941991427262215
Αρ5.1714,242 40,51 . ,322 4999
111511 11111 1111 ’ 32⁷
176666 14240 ⁸83⁰ -‚-

99 11 113 ’39
65655 56655 5633
65566 56666 99’99

5555555. 6555556656 555555666 5566555. 6555666556 56566 33
5655 55556 66566 33
5666 655 56 66555 ·
9'99 65655 66666
6’56 65666 65666

 

