Tabulae X. Soet. 11. α Pegasi.

1770'111. 4455141444 45564147 1790111. 4415147454 41414147
444. 44 44474 4444 4444 47444 4444
111. 19 44444 4454 111. 19 45445 44444
44447 44445 4444 44447 44444 4444
44455 44474 4444 45445 44444 4474

17715411. 0225322967 4435845354 17813111. 2254551407 -1-14 11262
11· 4 444. 191 444 - 44
· 9 7 · ‚ .

4447 44444 4444 44447 54444 4444
45455 44744 4444 44445 54444 4445

4774744. 4445445444 44454 445 4744544. 4445454444 4444 444
“ 1513111ῑὲἓὲ ¹³
. 01197 45444 ¹
Dec.66 45445 ,

1779111. 4445444445 419 54 4444 1799111. 0215957‚691÷11221.59
111. 10 44444 4444 4444 57444 4544
111. 19 44454 4445 111. 19 57444 4544
44447 44454 47,74 44447 57444 4544
44445 44444 4744 44445 57444 4444

4774444. 4445444475 44445454 4744444. 44454 4444 ÷ 44 44544
1443 13411 511 1414 1111 11
44447 54544 5454 45447 4444 4744
umes 30,702 33,95 04466 ms 4191

1779111. 022⁵sss‚711 ÷1359⁵3.³9 im. 4Η 54 4445 4444 744

154. 10 33,621 5274 4144410 4314 1103
1441 111Ξὲ 11,ὲὲ 111ἑὲ 11ἓὲ 111
04466 33375 5037 04466 4522 969

29,ῗῖ
3016

mnan. 0225339‚116÷14027,49 17373474. 2254106454-1431965
Αρτ. 10 39066 27,03 Apr. 10 10,679 5002
Jul. 19 59,οἈ 26,61 Jul. 19 10‚706 5033

Oct.27 44444 4444 45447 44444 5444
44454 45454 44744 5444

2253443941 ÷14 1 &67 1789344. 0225416660 414 1299ss
ff& ἓξὲξ 3,59 14410 16‚632
3212} 21:313

 

