’16166166 X. 8661. Π. 61176771.

6776666616166166661616166 676616666161616661611166
66. 666 66 666 66’66 61666 66 677 7'77
Jul. 19 66 666 67 66 766 66 66’ 666 666

, 066. 67 66 667 66 66 06667 16199 666
676666. 66766 66’66 676666 66676 166

6776666 o 66666666666666661666, ο 66666676 66666676 ὲ
66666 49'796 66’66 *pr-1⁰ 66766 6666

766. 66 66 069 66’66 666. 66 66 666 . 6666
06667 66’666 4199 06667 66 666 6666
6766 66 46’917 66 66 676666 661667 66’66

6776166. 66666666666616666 6766166. ο66666ῌ66616667666 ¹
616610 66 ,676 46, 99 Apr. 6ο 66, 667 24⁸⁶
Jul. 66 661666 66’66 16119 66666 277
06667 66667 67166 06667 66766 6666
6666 66 61,966 67166 166666 26,606 7666

1778166610 42255,445-1-15155,58 17881666. 042829199-1-1818184
1111 11111 1111 116· 11 1111 111
0116127 551128 54155 06127 291507 81115
Dec 66 551020 54184 06656 291508 8118 7

6776766, 6666666666 6666 666 6766766 6 66666666 66666666
616. 10 66676 666 6ρ6. 66 66666
666 666. 66 66 666
6’66 06667 66 667
6’66 666666 66’676

17751616. 0 428 1,517-1-15210,29 17851617. 0 42886,772-Ι-15817,52
Apr. 10 11417 10,40 Apr. 10 851858
. 10158 Jul. 19 351987
10188 06127 871008
11115 066165 871073

19191 11111119 401598
20141 06127 401641
20198 Dec. 66 401578

17771666. 0428 7,774-11522818 17871666. 0462844092 -1-154017
Αρῐ. 10 71724 29,42 Apr. 10 441128 85941
Jul. 19 71588 80105 Jul. 19 441144
061. 27 71652 80172 061. 27 441155

81144 06655 441158

6776766. 1666661666 66666666 6766666. 6 66667666 66666 6⁵4
666. 66 66 ,666 66 ,66 616. 10 67, 676 611
666. 66 66666 6676 666. 66 67 666 66
06667 11,o44 66 66 06667 67 666 667
676666 17,066 6666 766666 67 606 997

17791666. 0 42814477 61525008 17891666. 0 42850945 -1-1541031
6117610 141497 , . , 9⁸⁴
Ju7. 19 141525
oct. 27 141564

06656 141511 58121 Dec 66 501784

 

