Tabula VIII.
1807.

Logai Log.B Log.0 LogJI 166367 I:

wwwmww

93976 63777 636936 73999 - 00 ÷5,0s
93697 63377 636696 73796 33369 3676
93663 63399 637976 73796 33373 7636
93379 63369 733736 73373 33797 7636
. 93699 63637 733696 73697 93333 ,

9,6848 0,2816 12098„ 0,9970 9‚1852 ,
. 93693 63337 737336 63967 93777 6
9,7180 03613 1363273 0,5185 9,9813 ι
9,Ίὸἳὸ 03729 1‚2690n 9,27911 9,3393 6
93462 0,2994 125191· 0,56292 9‚8906 ‚

93663 63376 737736 637776 93369 ,
93733 63363 736636 736776 93776 6
93997 63939 733366 737736 93737 6
93767 63633 733336 733696 93369 ,
93993 63633 633936 733976 93397 ,

93793 63339 633766 737376 93793 6
93696 63337 633766 739696 93767 6
93393 63736 936376 736676 93667 6
93637 63363 63366 736336 93973 6
93967, 63376 63933 733396 93736 6

93737 63736 63776 736666 93373 6
93379 63673 73333 737336 93333

. 93769 63367 73793 733366 93737 6
93399 63366 73369 736396 93936 6
93976 63977 73939 637376 93767 6

63667 63773 73379 637636 93779 6
63636 63736 73667 637336 93379 6
63739 63966 73639 63963 93676 ,
63997 63733 73379 63633 93337 6
63366 63667 73397 63679 93966 6

63337 63973 73996 73779 93737 6
63777 63937 73393 73777 93976
63337 63366 73763 73693 93777
63693 63773 63993 73377 93377
63379 63939 63937 73336 93677

63937 63677 63997 73637 93363
63633 63777 637336 73636 ,
63779 63736 637736 73937 ,

 

