Tabulae X. 800511 01 veti.

1150 1150 ffiossf’ 1511105115

“W-‘ww ww

JML 117775- 75 - 651 - 75 1511 1770 7501871157 ’1 3 16711155

1510698- 9,9 - 1,.85 -“ 651 1 11 1771 50199016
10557-170 - 750- 55 1511 1777 50159186
1110555-155 - 755 - 55 1511 1775 50751377
- , 10510-115-555-151511 1771 50757555
1775 50575717
1110551-115 - 511- 55 1511 1775 50551575
111110511-115 - 550- 151511 1777 60886111
11-0‚121-12„5 -· 8512- 051 17 11 1778 50117897
11-0555-105 - 5751 151711 1775 50118181
-0577-55-555155 17 0 1750 50175577
1751 50510551
³77¹ -0571- 55 - 5551 55 11 0 1757 50517051
0555115-75517511 01755 50575717
11-0551155- 177155 0-1 1751 ⁵1 01181
1117171117 1 88588 8178 8 8888
1 1 1 “ ““ 1
1110571 1155 1 1551115 -1-7 1755 51175711
111 110575 17711 5111155 -1-7 1755 51150105
1510555 1155 1 5551175 -7 -7 1750 51151501
5107551775 1 5551175 -7 -5
111 911,οϋ 1295 1 8,64 117,8 -9 -S

1015555
1055177
1115515
1177555
1117550
1157571
1711515
1775571
1710555
17 55515
1510551
15 71715
15 55557
15 55555
11 5551
1175151
1157757
1157551
15 5511
15 71575

1 111325 18018 110511175 -5-8 01011515015111100111

7911681 1806 ÷12,11 11651 -2 -3
, v. 115787 1800 ÷1s‚69 115,0 -2 -3

Γ 15778 1755 11759 1 8,5 ..2
1857711785 118571 6,0 -1-8
87 18510 1705 11858 1 85 -1 -8
05. 711555 1179 11859 1 05 -1 -1
1715596 1155 11565 - 15 0 -8

, 0157551118 11551- 55 0-5 ·
111. 5155171. 95 11757 - 55 11 -8
1 55 11750- 55 17 -5
151557 155 11577- 7,1 17 -5
0115155511 05 11555 - 75 1 -

1115 ..7,711551-771 -
5511151 -751 -
5511555 5511550-771 -

lnam lm. 01110711. morum bissextorum legitur 11701 {usqum

 

