'rabulae X. Soet. 11. yAquaae.

1771111 11511ὥ17111ἶ11 511 1711111. 111111111111
1111 11117· 111 1111117111 1111
111. 19 11111 1111 11119 17111 1111 ,
11117 11171 1111 11117 17111 1111
111111 11111 1111 11111 17111 1111 .

11711111191111111 11111911 171111 1191111111 11111171 j
11111 11111 1111 Ar. 10 11111 111
111111 1111111311 11111 1111 ⁴

11117 11111 1111 111 11111 1111
111111 11711 1117 111111 11111 1111

1711111 1111111111 Ι11111111 Γ719111.ο’111111,11911111111 ³
111. 11 25‚566 1111 111. 11 11111 1115 ἕ
υθθιδσ 2⁵93„ ι ἱ ,

1711 Apul 11,117’Γ 111 x
1111 11119 11111 111 s

1771111.111111171711111111 17 111, 1111111111 11111111 j
111 111 111 111 11
ch som 4264 011. 69387 5272
1111166 30,887 4³‚10 Dones 69,860 53135

1771111. 1191111971 11111111 1111111. 11911 1111111111
111 111 11 11 111
0427 831037 42⁵⁵ 01117 1111
tea& 3296ss 41184 130255 2940

1771111 1111111111 11111711 1711111. 1111 1771 11111191
Apr. 10 85380 66,47 Apulo 5‚829 Μ
111. 11 11711 1171 11119 1171 1156
11117 11111 1111 11117 1111 1⁴³⁵
Dec· 66 862625 54,ιὸ Des· ’Υ ⁶ ⁵2⁹„ ¹⁵21*

, 1177111 1111111111 1111 111 1711111, 11111 1711 Ἱ11111111
111. 11 88,454 1‚⁷⁴ 111. 1ο 1111 1313

111. 11 11111 111 1111· 1111 .

1117 11117 1,11 oum 1111 ,
11111 11111 11911 11111 1111 w
1771111. 1111111111 1111 7,71 1711111. 1111111111 111 11111
11111 11111 117 111. 1· 11111 1177
111 11 11111 111 11 11 11171 1116
oct-27 11111 111 11117 11111 1611
11111 11111 111 11111 11111 ³⁶32

1771111. 1111111111 11111111 1711111 1191111111 11111111
111 111 11 ,11111 11
11117 11ζ171 1111 11117 142³oe 46'26
111111 m 1117 ’111111 11111 1166

 

