Tabulae X. 8441Π. a Aquilae.

‘1770Jan. 0144941445 ÷ 8144941 41401111 41144 1944 11115119
15140 44441 4404 111440 4445 5411
411. 19 44440 4440 111. 49 4041 544
0491 44494 4414 0441 · 4145 5594
’ 15544 44449 4444 05444 4444 5445

17711411. 0193989888 -1- 8165928 17811140. 01940 9117 4 818 959
1111. 10 89236 51,72 ’ 10110 9185 1
Jul. 19 37‚177 5910 Jul. 19 9257

·0c1. 91 44141
04166 89041

17721411. 1198939995 4- 817 989 17821411. 01940 9315 -1- 8181988
110110 39920 958 10110 9397 ’
111119 89841 1,70 11119 9480
00127 89758
04166 39672

,
014151. 0194944440 ÷ 4414454 4144141. 0494444554 ÷ 444 411
ἶ 914 19 114

00127 49362 1906 00127 19810
04166 49270 975 114166 19897

41141155. 44949 44994 ÷ 4414459 4144151. 4494044194 ÷ 4414415
155. 40 44144 4444 Apr. 10 14‚882 4414
111. 49 44449 . , Ν
0441 44945 , . , ,
05444 44414 . · ,

1
7

111. 49 44411
Oct. 91 44491
04444 . 44594

17761411. 11939 59479
Apr. 10 59413
Jul. 19 59355
00127 59803

05544 54454 9445 115444 44840

17771411. 0193959201 ÷ 817 3945 17871411. 0194029260 4 819 932
11151113 ἓξὲξ ¹ 3765 1111110 29284 7,11

00127 59105
04466 59089

1778111111. 0193959022 -1- 8174438 17881411. 1194027288 4 8191902
110110 59012 4961 Apr. 10 29232
Jul. 19 59009 4986 Jul. 19 29218
00127 59014 4915 04127 29196
04466 59027 4146 nense 27,165

4119011. 44949 54954 ÷ 4415454 1149155. 0194444405
15510 54914 4445 Apr. 19 54459
Jul. 49 54994 4995 111. 49 44014
051. 41 54044 4444 ¹001. 41 14914
05544 54014 4441 105545 44919

 

