Tabula vlu
1777.

lm m 1203ae ug.» ιαμ οἱ

·WWWWW

1101. 0 905961 00715
10 900191 00579
20 90167 n 00850
80 908691 00072

&bno 902861 00768

19 906011 00116
01111. 1 908591 00151
11 908821 00919
21 805211 00766
81 806981 00709

Δρτ. 10 aasz& 00718
{3 3:322: 3:33}
17 777 77

7711
71111
omo
o‚⁵260
0‚⁵068

0,4759
0,1882
80982

,⁸429
03905
71111
oms
71151

01680
00788

3737
37ἓέ1
om

00975
871

80 80819
Jun. 9 90107
19 90601
29 90617
Jnl. 9 90808

19 90919
29 90186

⁸¹¹* 16 17171
28 9‚5476

⁸⁰¹* 17 17118

,27 90111
oct, 7 90801
17 90191

2⁷ 9,6700
Now. 6 90912
16 97160
26 97111
Dee. 6 97666

16 97921
26 90170
86 90101

’0077517 10066

001081 10998 - ω
000781 10790
007861 10125 ,
108151 10877
105701 10092 ,

17777 ‚
nesz- 0,5182
1711 affl: 310

101161 001161 90862
100681 100171 90776
1,15661 101121 90161
108861 108611 90508
008211 108901 90821

008181 107601 90128
008761 109691 90101
900851 100611 90667
00665 100881 90915
om 108821 90150

00118 106011 97878
nosse 11119. 97577
11191 17551. mm
083 affl: 3771

10619 001711 90812
10661 001611 90612
10682 00901 90676
10572 00688 90881
10821 00020 90986

11111 mus
17711 11111
17167 17111
usu
17110

10038

90181
90776
90111
90517
99677

1711
om

17111

777
001881 10987 00711

-ἇοε

 

