'Pabula V 111.
1762.

lag] 1⁴03AE ΜΟ 1¹03AE langa Β

ΜΜῸΝΝἫΨἫΨΜ

1111. 0 9,.97171 073601 051061 12998
10 029651 071881 080711 ww ‚
ffl 021111 076531 097271 02125 ,
30 011111 078361 1,08151 1,1876
81119 000381 080191 1,15701 1,1092 ,

19 087881 081851 020911 09968 ,
Muti 071101 083211 021381 08261

11 017671 084181 026321 05180.

21 737681 081711 026901 &284⁶- ‚

31 00163 081831 026181 056301

11610 05172 081551 ima 081161 ,
20 07536 083951 mis· 1,(11161 ‚
11 311 3101111111 ;
081351 098251 133901 ,

,2550 080671 083131 127501 ,
,3862 080301 058781 029691 ,
080321 090991 031611 ,
080761 03550
081611 07226

082781 09112
081161 00335
085621 1,1193 ‚
087011 1,1807 ,
088291 mm ,

300181 ’
3001 100 ;
089761 12321

Μ’ 8,1919 q
088211 1,1322 ,
087301 00166
086171 omo
085881 07252

masm- om ‚⁸0³8 1
3οε 3011 00 ·

 

