Tabulae X. Sect. 1. α Aquilae.

17551111. 51115 55 51555 5 ’5154115 1755111. 11¹9 99 6555 5 111115 155

Apr. 10 35310 4136 Apr. 10 3389 346
15119 35, 919 4979 Jul. 19 3304 991
01137 351 930 43, 47 011. 37 3, 338 315
66Ι--011351913 44, 19 ,011 66 3359 159

175111511,0,193838,846 -5- 8135369 1761155, 01939 6377 4815105
Apr. 10 38333 53 ,39 Apr. 10 61313
Jul. 19 38313 5404 151. 19 61356
01157 38, 784 54, 65 Oct. 37 985
Dec. 66 381747 55, 33 01166 ,81462

17531111. 1193841389 -1- 814 378 17631511 01939 9373 4· 81511333}
110 411647 431 Ap 110 9333
1611. 19 41398 4177 llupl. 19 9498 1895
01137 411543 5, 18 101137 91568 167 4

Dec. 66 41,479 5153 Dec. 66

Ἷὴῇιπωζξι 5 9111119 1799799 01,99919917 5 515555
15515 55555 11'19 1pr 10 15555 155

1111 11 44291 14168 Jul. 19 131705 35131 .
Oct 37 44 314 14, 83 01197 12, 788 95. 35
Dec 66 44 133 14 ,90 Dec. 66 131873 35, 47

-——----————————-————.-—- ——-—-—--.-—-—·-—--·⁴

17541511. 0198847 ,090 -1- 8143833 17641511.1193915778 -1- 815541
Apr 10 57, 555 99' 95 Apr 10 15, 555 5155
Jul. 19 46 919 33160 111119 151947 8461
01197 46 ,880 23, 47 01197 161088 3490
Dec. 66 46 ,789 33137 051166 16, 130 3536

-..-.-——--.-.-. ....-.-·--

555111 511555 51555555715555 1755115. 51555155555555555
Apr 10 45557 9195 19910 15155 4159
111 19 55575 5155 15119 15155 575
09 97 19 ,155 91, 11 09. 97 19 '979 1555
55155 19 997 9099 Det 99, 75551 1551

17561155 1111988533965- 8143930 17661155. 0,193933,354-5-81554.47
Apr. 10 59, 908 39,10 Apr. 10 33331 ’ 1
151. 19 59199 38 55 15119 33403
011377 53044 3715 Oct. 37 30471
011. 66 51367 37139 Dec. 66 331534

——J——p -.-.-.-—-.-.

5757151. 5155551555 991419p99179p929 511555555Ῑᾷ55 515555
Apr. 101 54, 849 45 ,60 Apr. 10 25, 509 1111
Jul. 19 55 791 1190 15 19 51555 719

001 97 §1790 4115 0997 55551 791
01166 54 665 4337 ,051., 66 35 640 871

1755 51 51555 57 515 5 51155 55 1755 Jan 119 99 55 557 5 515599
15115 57551 9190 15115 99'599 1⁸0⁴
11. 19 57555 5557 111 19 55515
011. 37 57, 483 50102 Oct. 27 28, 638

Dec 66 571455 49133 Dec 66 30649

-ῳ--Ι-

d
17551111, 01999 0999 5 91159 55 1755151. 0¹,199991979 5 5155599
119. 15, 0'970 57 55 1151 10 91999 29-69
111, 15 5555 5555 Jul. 19 51575 3919
09 571 5555 5555 001. 97 51555 ³91²
55155, 5555 5555 55155, 51555 9191

 

