Tabula IV. continuata.

lang. A. R 0011141. .

’ΜΜῸΝ

0005

, 4555 4555 444404454444505 5555
-0555 4550 544. 4044555 40555 5455
-0545, 4554 04457 44555 40550 5075
1006641486 ÷0‚9o9 29‚90

1555 544. · 4 050 4051555574557 4545544. ’044555 4055455575050
55410415140511 4555 4444 45455 40575 5554
541 45 4 550 40505 4554 544. 45 45555 40555 5555
04057 4 475 40555 4555 044 57 44555 40554 5755
044554 55040575 4455 0445541457 40555 5755

1840150. 1 4 851 40549 88 874487 1846 Jan. 0 41157 ÷⁰‚72028 27 27‚27
Apr. 104 7,11 40585 4448 150104105940548 5659
801.1948,4840,517 4858 5010495840570 5557
050574 95540598 4886 040574 75840588, 5551

1740664105840589 4878 1750884 854 40500 5498

4544544. 044055 4054455574505 4547544 04 754 40550155 575555
Apr.1o ÷11‚67 ÷0,71s 4228 Apum-{- 55740540 24‚64
040 57 4 554 43,ῗὲ {35}
04455 4 055 40555 5557

4545544. 044455 4055555574055 4545544 44 45540,οο055575555
444404445740545 5554 ,44410- 055-0507 5557
544. 45 47550 40554 5554 547. 19- 1,70-0,4ο4 5550
04557 44550 40555 5754 04457- 5551-0500 5555
455 44557 44507 5551 04455- 4551-0555 5557

4545 544. 04455540004555757551545544. 0- 455-055555575554
444404455444545 5550 4550455555 5557
544. 4544557 44555 5555 544. 19- 755 -0,445 5557
0445744077 44555 5450 04457-5,54.0,555 5454
04455 41555 44555 5554 04455 557-0540 5455

0018058705 0504718055 media, 04 hac tabula aalma. ,

4750 &instes ”Q Q
1760 55 5555 5 - ,457
4770 55 554 -·- 0544
5750 55 554 8- 4574
4750 57 5557 - 4555
5500 57 5450 - 5555
4510 57 5055 - 5545
4550 57 4555 - 5555
4550 57 4455 -· 5555
4540 57 5555 - 4515
5550 57 5455

ωδε

μ·

-· 4570

 

