'rabulae Χ, 87617. a 8677776777.

7766776. 6716167767 4 7777177 7777777 776777766 71716676
p . ‚ 4901 777. 17 mn 5170
7667 776 76 76777 6677

· 7677 67777 66776 7777

, 66777 7776

7117047766.77

7777. ommam ιι- 7113777

Apr.1·29,792 9619

777 7· 76777 7667

ῆι 677
7767 w, 6766766767 4 7777777

¹¹· 6667117713 7ῑὲ 773

, 7677 66777 66677 7777

7777 777 66 66777 7776

7767777 67677 7766 4 7777676 7767777 6767776776 4 777 677
7177177786 1⁵92 77617 86777 771

776 7766 7667 67. 77 76667 777

67777 7777 7777 7, 76677 667

66766 7767 7766 77766 66766 6767

7767777 6766776767 4119 667 77.4 777 7766767766 4 7766777 1
7777 777 771177 77

67777 76676 777 67777 66677 6776

77766 76767 776 77766 66767 7777

7766777. 6767776676 4 7776667 7766777. 7766776676 4 7767677
7777 76666 6676 776 76776 7776
767. 76 . 76776 6676 7 77 , 76776 7667
67777 76767 6666 67777 76666 7777 4
777 ·· 76676 6677 66766 76777 767

7766 76. 7767776666 4 7777666 7766777 6766676667 4 7767777
7 r. 10 76667 7777 7777· 76667 7777
7 19 76766 7776 777. 77 76766 6677
66777 76677 7676 67767 76676 ,7
77767 76767 7676 77766 76766 7777

7767 m. 6766776767 4 7766667 1· 677 6766776667 ,77767677
777. 76 76767 6676 76776 77776 77.79
mm mm Ml mm mm .
00197 76766 7676 67777 76776
77766 77767 6667 76 777776 7777

77

7767777 6766766766 4 7776667 a 7766766767 4 776 767 7

7776 76777 7676 ,
7 ,76 66777 · 7676 777 19 66777 777
67777 76776 7776 66777 66776 777
66766 66776 ,7777 77766 66767 777

ῖᾶἒόἾ766677777 4 777 676 7766777 6766766777 4 7 76777
7

Apul· &2193

Ar.1 29764 ⁵‚82 7.17 55772 ⁵⁶9⁴
777 77 76767 677 7.76 66766 7777
67777 76767 666 67777 66777 7777
77766 , 76777 , 677 77766 66777 7777

 

