Tabulae X. 10011 8 Tauri.

1100 1110 Ἢ 111111 mm*

mmm atvs-rw

111117- 1,012,17 118 12-21751 10812295
11115- 5,7 1285 188 18-21752 10888087
81 -1081288 12818-21758 10118880
’ - -21751 10158678
1755 10198167

, -19,11110-1,111-11150 1101111
-1111110 -1111 01119 1111151
· -1111111 -1111 01110 1111151
1111 11110111
¹ 111110115-1111111 -1111 01111 11151011
” 10011-1091111-51 11111111 11191111
8)-0813-681185 -5,1 181117ν 11288655
1111 -0,011- 10 1011 -19 1111 1111 11111119
-00821-31 ÷⁰‚2⁵ -14 42415276 ffgffi
-0,02618,0-0,15-8,611111768 11888871
· 119100111111-011 -1,1 0 01119 11111111
191082911ῗᾷ -0,66 -1,5 0 01770 11168188
2210,122121,2-0,75-08 -1 0
01 910,151111,1-0,11 101 -1-1

ιι 11011 10 1111 111 11 -1 1150 1111181501 11111 1111

1111101
1115111
1111111
1111111
1111101
1111111
1111111
1110111
1101911
1111110
1151111
1151011
11 0011
11 1051
11 1011
1111010
1111011
1110011
1111051
1111011

19 10813 12711 - 0,57 118 ..1-1 Diei reducto addendum 0111

2911881298 -088 128 -2-2
1111101 11 1-1
133111 ἷῗῗῖῗ ssojso ssis 31ἶο

8111 712881 1888 1181 118 -8 -1
17128111828 1187 118 -8 -1
27 18110 1828 1289 118 -8 -5
001. 718858 1818 1250 118 -8 -6
1718865 1298 1288 188 -2 -8

27110561288 1881 188 -2-6
800. 8118271258 1889188 -2-7
1011011288 1885 188 -1-7
261170011981182188 0-7
806118111811170110 0-8

16151111118 1511 118 11 -8
25 15806 1 7,1 1588 118 12 -8
50111511- 12 1511 11111-11

10 1111115111. 0010101. 1111101010 bissextorum legitur 1111 insequens.

 

