Tabula lx. continuata.

Valoree quantitatum C 71 D pro singulte 71776777.

Novembon ’ Decembon

Log.G Log.D Lago ⁴ 176811,

1750 1850 1750 1850 1750 1850 1750 1850

018706 1,1707 18874 18878 08551 08560 18716 18714
1 1,1647 1,1649 18978 18970 08368 08378 18747 18746
818587 1,1589 1,1067 18065 08165 08175 18777 18775

,77,7677 ιζ7676 ιζ7766 ιζιιιι 6ζ7666 6ζ7666 7ζ7666 77101 ¹

41,1458 ιζ7767 7ζ7777 ιζ7776 67767 6ζ7776 ι’,7667 7806

5 1,1391 1,1394 1,1338 1,1330 08500 08518 18857 18855
618381 18384 18415 1,1413 08850 08863 18880 18879
7 1,1849 1,1851 1,1495 1,1498 08984 0899818908 18901
818174 1,1176 1,1578 18569 08698 08714 18983 18988
918096 1,1099 1,1646 1,1644 08391 08408 18943 18942

76 77676 77676 77776 77776 66666 66676 77666 77666
77 ιζ6667 76666 ιζ7767 ιζι766 66666 6ζ6776 77677 77676
77 7ζ6676 7ζ6676 ιζ7667 ιζ7667 66667 66676 77667 1'2991
76 ιζ6766 66766 ιζ7676 ιζι6ι7 67666 67667 7ζ6666 76666
77 7ζ6667 76666 77667 ιζι676 67667 67766 7ζ6677 ιζ6677

15 18566 18570 18041 18039 08831 08863 18088 18088
1618466 18470 18100 18098 08800 08837 18038 18037
1718368 18366 18156 18154 08460 08504 1’3046 18045

· 1818854 18859 18810 18808 08565 08619 18058 18058

1918148 18147 18868 18860 08434 08505 18058 18057

8018086 18031 18318 18310 98899 98000 18068 18061
8108905 08910 18360 18358 98500 9’6675 18064 18064
88 08779 08784 18407 18405 98688 98383 18065 18065
83 08647 08653 18451 18450 9ζζ738717798876 18065 63065
84 08511 08517 18494 18498 9733977 97188 18064 181061

85 08368 08375 18535 18534 98408708308718061 13061
86 οζ9819 09887 18575 18573 0’70793 08786718056 13057
87 0’9064 09071 18618 18611 0771845 087917718051 18051
8808901 08909 18648 18647 οζζ8689770864677 18044 13041
89 08730 08789 18683 18681 083957 073358 18035 18036

30 08551 08560 18716 18714 0,4001770,3968771,3085 18036
3108363 08378 18747 18746 085317 οζ450877 18014 1'3015
0,500,8770497777 181111 181117

 

