Tabulae X. 810111. 10 67777700ηεί.

Apt. 10 54,070 3,48 710010 20567 3211
Jul. 19 51924 096 Jul. 19 20636 3015
001 27 53,969 049 00027 20711 3043
00066 50905 2,07 00066 20792 3065

7777 Jan. 0 7ο 757705 -77775700 77071777. 0 00 579707 -70707077
Apr. 70 57790 5070 Apr. 70 70700 700
111. 19 57‚120 57,75 111. 19 70777 7077
0077 50000 5007 0077 70000 7077
00000 50070 5075 07005 70707 7077

1772 7077. 1205 0317 -13114042 17827700. 020 530766 -13101301
Apr. 10 0225 4030 11pr.10 30864 1096
Jul. 19 0129 4026 Ju1. 19 30963
00027 0029 4029 00027 30068
00066 450926 4040 00066 30164

1773 Jan. 0205 0298 -131129,97 17837077. 020 530467 -1310 199 ’
710010 0194 3013 Αρτ. 10 30567 1,67
Jul. 19 0089 3036 Jul. 19 30666 179
Oct. 27 0984 ’3065 00027 36763 086
00066 0879 3102 00066 30858 0796

1771111. 0705 0757 -70777050 1791111. 770 570700
191. 70 0777 7097 Apr. 10 70750
111. 19 0070 7000 111. 79 70077
00. 77 0970 7097 0077 70770
07705 0057 7779 07005 70507

7775 7777. 0705 0777 -70777709 7705 7777. 0070 570077
Apr. 10 9‚181 1050 Apr. 10 43,893
11119 0070 , 7070 777. 19
00197 0007 7005 00 77 70077
00066 0894 1057 00066 40077

17767777. 120 510254 -1311 393 17867077. 020 547396
710010 10187 067 119110 47,445
Jul. 19 10128 043 701. 19 47,486
Oct. 27 10077 020 001. 27 47,518
00060 10034 099 00066 40541

Ἵιη 0 1²1 757700 -19 1'9 1201 1790111. 7 70570505 -70707770

-—.-——-—-—--————-

fflsan. 070 570007 -70 70 5007 1797111. 070 550070 -70 07779
710010 10347 57,10 Apr. 10 50888 7
111. 19 70070 5700 077. 19 ,50090 ,
oct. 77 70007 5007 077. 77 50097 ,
00005 70707 5009 07000 50000 07

’.ὀ-..ιι-

7770077. 0 70 570000 -70 70 7077 7700 777. 7 70 550777 -70 05007
7077, 70 70007 7077 7707. 70 57707 5039
111. 19 70009 5077 077. 19 50700 5076
0077 70050 5007 00. 07 50777
00000 70007 5077 Dec. 66 50009

777οζ7777. 0 70 570009 -70 707000 7700 0777. 070 550757 7-77 077ξ
0ῖο 7730 007 00· 13 077
07777 70707 7057
07000 70700 7700

001. 27 §7974
00066 573700

 

