¹ 7551115111545

Apr.10 2‚980 8484 Apul nm 5451
75119 2976 88,88 JuAA 88οῺ 54.“.
05427 2962 88,47 1 27 88,040 54.

541. 5915 1515 5555 15519 Ap:

1751151 5 955 5151 ,11115155 1751115 5 95515711 1117175
Ap 1. 1ο 5117 1577 11515 15117 115
54 19 5’591 1515 sul. 1· 15111 55
51177 5’515 1515 5577 15155 Ax:
»0066 5991 1515 515 15519 15

17581111. 1 955 9275 ,11195599 1762515. 0 95589785 ÷19 701

57,84 518519 89884 ζ’·
5515 01177 89971 751

11191575 1751151 5 95515711 41³7}- 4
444 5488 148 2

‚ 41⁸2 00A27 17515
, 1151 51555 15511 17
1751511 1 95515151 111 5117,7

84 15· 418

7557 5577 17591 332³

25:⁰⁸ 05566 Amas 43²3

175551, A! 3⁵3 5175 ,11 4,15,1’155 1755411, 1 45417915 5147141

1755711 5 91517955 ,1111171 1711111 5 9555551488
' ’8 ζ 815 8118 {A 8588858 33⁴}
, . ; 444 444 4484 8

ωδ17557511955119511146Ξξ

55’71 5117715117
55’15 5155 588177

17171111 51517151751111951 1757141 59155715 19 ⁵3
Ap. 10 71575 1975 15115 57111 233
{31⁶2 ἐξ {3523 1559 5115857175 Asp

1511 14119 5971
’ 4444 ‚33⁷⁶ {A 8

 

