Tabula lx.
1616666666.. 666 ρ.. uagata 666...

Ianuarius. ‘Februarium

0 10,510910,50851 lma ,2999 1οω41 109071 10809 10818 “
1 2 005281 005011 10984 13985 109891109851 1,1740 1,1744
2 80,589910,58791 13968 ,2969 1,1671.1,1967. 1‚1668 1,1672
8 1002151002261 lm 10952 1,115011,11471 1,1594 10598
4 5 005681005461 10982 13988 102271102251 1,1518 10522

6008581008421 13912 10918 mm· 102971 10488 10442
miss-oanan 1‚2890 1,2892 118721118691 10856 meo
8 0,789110,78771 1‚2867 1,2868 111401104871 10271 mm
90,768810,76201 12844 13845 6166161501. 1‚1183 1‚1187
10 008611008481 1,2817 10818 6157116866. 1‚1oe1 l‚1096

11 000761000641 82789 12791 116821106801 10996 1‚1001
1166119.66166. 1116611161 1,1691.1,1669. 66696 66966
18 0847210046211 12729 10781 1,174911,17471 10797 10801
4006561006461 10697 12699 618011618οὴ 10691 1‚0696
5 008811 0082211 10668 10665 1,185711,18551 10582 10587

0,899710,89891 12628 meso 1,1Μ11,19071 10468 10478Ι
7 001571001481 12590 12592 1,195811,19561 10850 10855
18 008096008011 12551 10554 100051 1211181 10227 10288
19 004551004471 12511 10518 1,205011,20491 101ω 10105
20 0059411 005871 msa mm 1199416163. 00967 00978
2
22

166116. 61111. 11111 11111 1116611166. 6961969666
69661. 69666. 11616 11661 1111611116. 66666 69691
16 61666. 69611. 11661 11666 11111. 11116. 69666 66611
1 1,6699.1,6696. 11161 11161 1,1161.11166. 66616 69661
16116. 66166. 11119 11161 11166. 61166. 6911169116

16
16 1,6616.1,6616. 11116 11119 11666. 61619. 6661169616
11 66119. 66111. 11116 11116 1,1661.1,1661.66661 66666
16 1,6661.1,66166 11661 11666 1166611661. 6661166619
8
6

1
1
1
1

106291106251 10102 1‚2005 1,2411111,24101 om 00480
107241107201 1,19·10 1,1948 1116861108. 00208 00270

1 66616. 66611. 61616 61619
¹ 61 1,6961.1,6666. 16669 61616
³2 66969. 66966. 61116 61111

5
6
7
8
9
10
11
12
18
14
15
16
17
18
19
8]
11
a
23
24
25
16
27
28
19
80
8

 

