Tabula vm
' 1010.

lm 11611 11160 1.,0)

1,.. 0

WWWWWW

10110 049581 091971 050881 19999
10 094901096501 080661 1,9791
90 088491 081761097991 19496
80 9,,89491 0,871011,08191 19879

91609 996891049081 195691 1,1095

. 19 019991 046941 190981 09979

Muti 01844104955119488109969
11 006471 051911 196891 05188
91 898581 058891 196901 097571
81 088871 058891 096191056981

· Δρῐ. 10 075441 058581 194151 084471

00 030010. 01000. 13101. 10010.
80 795041 0511911,15561 191141
Μ’133 3333 33333 3301 13331,

00 00000 01000. 00001. 10101.
1110 00οο0 03111010 010000 10010.
10 01000 011000 00001.
00 00100 01001. 00010
111 0 00000 00000. 01101

19 04959 015809 09119
99 04757 056081 1,0840
1 111 1111, 111

98 05805 064871 mm

⁸⁶91} 3313 333332 3333
97 06464 0,1684911,9688
001. 7 06657 068551 19579 ,
17 06854 068181 19895

27 07οο1 00110. 11000
Noas 07101 00001. 10000 ,
10 070οο 00110. ιὀ100
00 01101 00011. 00000

0,,. 0 0οο10 00000. 07101

10 00100 00101. 00000 000
00 00010 00011. 00100. 10000
00 00100 00110. 00110. 10000

..00 -695
85⁴3& ’0108
07878 -001
11101 -101
969989 ’0109

01001-οο
00111 -001
00010 -00
00001 -00
00000 -000

9,4868 -005
04776 -093
00101 -003
05502 ..09
9:⁵824 ”⁰9⁰5

9‚6¹2³ ’0108
9ζ69ω *⁰903
,96667 ..0,05
06915 -001
07150 -00

07010 -001
07000 -00
07101 -001

ἰ ’1 0790) ’091

99164 ..099

96610 -001
00512 -⁰⁰⁴
00010 —004
66661 -005
03000 -905

00111 -005
96676 ...0,05
00111 -00
00011 -004

09671 -00

99925 -004
60011 -001

 

