Tabula vl11.
1811.

Lug] 12⁰3AE 1103st 1100ss langa 12

166. 0 8,0811
1ο 66166 69166 696696 19196 ,
2⁰ 89716 09707 097216 19126 ,
80 9,0071 09616 mals„ 1,1878
rem 90992 09618 115696 11091 ,

19 99661 69116 19696. 69911 ,
19 1 166 161 919 99 ²

21 99911 69116 9696

61 9966 69996

161. 10 99669 09810 ,24 ‚
13 3911 131111ῗὲ1ἓί 111112 ;

116916 99666 69661 196166 196666 ,
20 9502 0‚9670 offl- imin

60 96408 09766 083991 1,27616 ,
Iun. 9 9‚5785 0,9779 0,587oa Lm· ‚
19 9,6146 09796 990666 1‚8061· ,6667
29 991179 09783 03567 lm· ‚
Jul- 9 96786 09741 (Um lm· ,

19 99661 69611 69111 19666. ,

69 99196 69691 19666 19166. ,
ms 99196 69166 19196

61 31111 39111 ’

¹ δεμ 16 969666 39966
61 9ζ6116 69119 9661

66. 1 99161 69166

11 99666 69119

27 98180 09291 ,
Nune 99611 69661 ,
16 99166 69161 ,
26 98981 09615 ,9
Dec. 6 99098 o,960⁰ ‚

16 99166 09686 ,3
11 1111 31111 ;

 

