Tabulae X. 644411. 8 Virginis.

1779111. 9179115979 1 91911 1795711. 1119915971 18 61999

1191910 48844 8082 119910 18828 1984
191. 19 48804 80,49 11119 18889 19 62

91197 19755 9999 ,91197 19955 1995 A
91199 46'699 91’99 91199 19599 1991 .

1771111.81199199111991999 17811911. 0118916828 -1- 2595871

119910 46788 10 94 Apr. 10 16704 5828 ,
19119 46715 1181 19119 16784 6781 ’

09127 46 642 1172 Oct. 27 16 868 5781
09966 46 662 1218 Dec 66 16955 5677

1779111. 1119919711 19 951, 71 1799111. 9119999959 19599999
111. 119 49'661 5999 111. 19 26’169 9999
111. 19 19911 59 75 1111. 19 99999 95 57
911. 97 19151 59, 99 911. 97 20, 991 91. 99

911. 99 19 959 5999 91199 99911 9199

17791111. 9 1,11959519 19 99911 1799111 911999959719591191
11119 59199 64'00 111. 119 99999
111. 19 59 991 9191 11119 26’692
91197 59 999 9599 91197 91799
91199 59191 9597 91199 99979

1771111911995599919 91599 1791111. 111999999519595199
1.11 410 55191 1999 11119 97959 5191
111. 19 55997 19 95 111. 19 97195 5997
91197 55999 1797 91197 97911 59,11

09966 54818 1788 09966 27888 4987

—..-.-——-—-—--—--—-———

1“775111”.”9119959979 19 15799 1795111. 9119999999 19599997
11119 57999 5999111119 99999 9995
111, 19 57995 5957 6¹0¹& {3 99595 9917

01927 57881 6981 . 80884 2882
Ι09966 57762 5982 09966 80887 278)

1779111. 11199 999919 19999 17991111. 91199999151959 795
1111910 0844 8987 ,419910 88798 786
111. 19 9997 1919 111. 19 99999 99
911. 97 9797 1959 911, 97 99999 911

09966 0895 4088 09966 88891 6,18

17779911. 011189 888818 120,49 17878911. 0118987808 -1- 2574698
Apr. 10 8796 2081 149910 87827 4577
191. 19 8768 2188 Jul. 19 87888 4562
04427 8748 2180 ,09927 87840 4551
09966 8787 2187 09966 87888 45,45

1778199. 01189 6865118 1 1,14 1788199. 1118940,161-1-’25725,19
Apr. 10 6 ,860 1,27 Apr. 10 40,147 2548
11119 6868 184 19119 40,127 2522
01197 6, 876’ 4 185 Oct 27 40896 2588

Dec. 66 6];897 181 09966 40859 2549

1779111. 911991991119 91195 17917111. 91199199971957 595
Apr. 10 10841 4087 1411910 48868 580
111. 19 19975 1991 111. 19 19999 591
911. 97 19917 1995 91197 19919 591
1111. 99 19999 1991 191199 19977 ⁶6⁷

 

