Tabulae X. 60611 5 Muto.

4450 444 0 94159 9443 ÷ 76‘01‘666 44504444 49414100541409544
343 333 35 443 333 34

0627 39,733 1014 Oct. 10064 2853
044066 39,722 9,31 00966 10502 6171

4454444, 0 54443940 ÷ 44044 45 44544444 4 54549454 4440504·
Apr.10 43959 4055 44440 44545 544
44449 9’54 44’4, 49 45495 5944
04544 44594 545 04434 45454 594, 44
04455 43544 4’,95 444455 45ζ549 554·

p 54146,105 «1-720 9,33 1762160· 56216670 44- 720945·

,· 4 9,(18 Ap r. 10 ἰὲἓῗὲ {361
7,71 05927 16995 9643

· “ 4 7,09 4 666 17‚060 36·

4455444. 05444935 4450 555 4455444, 4 54359395478166
5’50 Apr10 60666 111
4’45 444 49 60,A7A 66⁴5

1111·’ 51185945 ÷ 760 5541444 4 54435545 44401411
44440 61‚967 Ap.er 66’676 111*
554. 49 54 559 509 44449 54059 116
04444 53459 4’55 04444 34455 116
04455 54’554 4’44 04455 66’666 111,
44554444 0 54454944 ÷ 760 954 4455444 0 54434445 444441· 46
434 4411343444 43534· 144
04444 54540 04444 67'766 16
04455 54544 9,’”55 444455 54559 116
4455444, 4 66167‚617÷76011,04 4455444. 0 54454044 4 771111·
Ap 4, 40 67 719 44ζ95 Apr. 10 61, ’459 61,
44449 54 535 44, 55 4444 54545 ⁴5·ss
04444 54’555 1196 04444 54594
0455154559 116

4454444. 0 543 076147601676 4454444, 5 54354, 554 4449411·
Apr.10 0’544 16’66 App. 40 94545 61
44449 0544 4450 44 49 54404 ⁴¹⁴
04434 0505 ,ζ,4540 04454 54450 111·
444455 0,445 45’05 444455 54495 111·

4455444 544 5404 44904459 4455444 4 54455054 4771115·
1141111 8981 16‚07 4440 55Ξο55 166,
162666 6666 911418 00566 ml!

4459444, 0543 5495 4 4505455 4459444, 0 54444555 47 7111,
rs· 6776 66'66 44440 44555 1,,
’49 6’760 5534 45 49 44554 11,
0617 ⁶⁷⁵⁶ 71405 04454 44554 1,,
044. 5453 5459 4444.. 61616 1

 

