Tabulae X. 89911 11 Ann'gae.
1

⁴ 11991111919911991119191199 11 111 1 19999991 11111999
1191110 17967 4291 19910 59634 2855
111. 19 11991 1911 11 19 99911 1999
91191 11919 1191 91191 99911 199.
91199 11919 1999 9999 99919 1111

1191111, 9 19991911119111991 11911111 9 199 1991 11911919
191, 19 91991 1199 1911 9911 1919
111. 19 91919 1191 111. 19 9991 99
91191 91999 1991 91191 9919 9191.
91999 91991 1991 91199 9919 9-1

17621911. 1 46896978 1951211761 1762199. 0 459 7626 41513111:
11191110 26913 46116 111910 7,710 1311
1111. 19 26957 46,11 1111. 19 79102 419:
00127 25‚980 4539 00127 7903 15ιῖ1
99966 259191 1970 99966 81119 1551

17531811. 0 45836323 ÷454249ffl 17631911. 1 45912377 &ww-⁸:
Apr. 10 36268 4997 Apr, 1 1 12491 50*
Jul. 19 80‚124 48,58 Jul. 19 12,OE ⁵¹⁸ss
00t027 8⁰‚018 48,oe 001. ' 2732 5151
Dec. 66 29,898 47,54 Dec. 1. 12,859 5¹5

1⁷⁵41211· · 45834134 1111115199 1191111. 1199119191111119]
11119 91919 9999 1911, 11919 1-9
111. 19 91991 9191 111 19 11999 911
01117 31948 9191 99191 11911 1111
991166 89811 6191 99966 mus 5116

1199111. 9 19999999 1119199999 1199111, 919999199 1111119,
111199 99919 9991 119191Ι 2⁰·
111. 19 91991 9991 111 19
01917 97919 9999 01117 12995
91999 91999 9999 91199 99911

1199111 1 1991919911919999119111. 9199999119 115
1191110 42016 o‚89 19910 mol 1
111. 19 11991 191 11119 91919
91191 11991 199 91191 91919 a
Dec-66 11999 199 111999 91911 511

1191111 91991991911911 919 1191111. 1 15931797 ÷⁴⁵⁴⁴¹⁰⁰2
*1193 11111 111 1511 1166 3.
91191 19919 1ζ11 91191 11061
91999 19991 999 91911 awo ·‘

1199111. 9199999119 1919191199 11991111 1 19999911 111
1913 11311 1156 1113 1111 9-1
91191 19999 1199 91191 911919 ῑθῗξ
91199 19919 1991 91199 99999 91

1199111. 1 199 91991 1191119999 11991111. 9 19911919 1464411·ξῖ
9· 9 911 91 119 99 11
91111 91199 9991 91111 11ζ199 ¹²⁴⁰
91999 91999 9199 911111 11991 ¹¹⁵⁸

 

