Tabula vul„
1789..

Lug] LogAE 19910 11³3.ss langa B

wwwwwm

919. 9 91999 19191 46,ae
. 19 99119 11191 199119 19199 , 40,oe
99 ,9,1999 19919 19991. 19111 , Ἷ1199
99 19111 11999 191111 11917 , 40,oe
9919 91111 11979 111199 11999 , 40,oe

19 9,6680 0,5646 1‚2094n 0,9969 ‚ 4⁰,OE
Mart· l 9‚681³ 0,⁵555 1243822 0‚8265 40,OE
11 9‚6972 11199 19999. 11199 40,oe
21 9‚7117 0,5681 1,269o· ’9,ἳ8129 40,OE
81 9‚7258 0,5713 126199 05629· 40,OE

Apr. 10 ι,17408 05912 124159 191161 ‚ ¹40,OE
{3 3:333& 8:223} 192·ἓὲ w: : 2:33ae
119.ἑὲ 99919 19999 199999 119111 , 4⁰,oe

2810ss 0,6906 0,9824· lfflln , 40,OE

99 19911 11191 199119 191111 , 40,oe
199. 9 99119 11919 19971. 199991. , 1191
19 99119 11911 99911. 199911 , 9191
99 19919 11999 19199 19999. , 1191
sul. 9 19191 17991 19999 119999 , 1191

17991 19111 19191. ,
11919 19997 19199. ,
99119 11191 11111. ,
11911 11999 19999.

19991 11199 99199. ζ

19919 19119 19199. ,
19991 19991 99119. ,
11911 19999 19991 ,
17999 11119 , » ,
19911 11111

11191 11919 ,
19991 11999 ,
11991 19191
11911 19119
19119 11911

gffi 19191
99111 olem· 11997

 

