1111 nmmos 42742⁵9‚61 17615111. 02356 &843 ÷2146 5111
.. ,5958 15118 8859 819
5957 71119 8788 .

5956 om &915

58,90 Dea& ³3⁵6

Ι1187191888 1788 11 88858 7888 1871888135
ῗὲῑὲἓ 11·ῗὲ Ξῑῗῧῗ 511
1786 88187 7787 1855
17742 Dec.66 7334 23771

1
‚2⁷

1758111 8885511789 7787188778 17-88111 8895818578 11718851

1118 1811811 511· 13 ἒὲἓὲ 1111

, 87187 11ζ185 85ζ98 81187 18588 58711

81188 11519 8571 81188 18591 5111

1751111 8885511718 7787185551 175151115818589 1771711511
15118 . 11888 5198 15118 18777 11111
1119 18978 5158 711. 19 18898 1181
81187 18588 5871 81187 18991 1851

111188 18798 5888 111188 77897 ¹²³³

17551711. 8885518589 1871118788 1785 sm. 8885817858177171111
15118 18798 1857 11118 17788 1117
51119 18895 1191 11119 17881 1181
= 81187 18588 1158 81187 17588 11ξ7
81188 18195 1878 8118 17715 11ς·

...ι-

1756
1813 23:333

1878 15118 ’88898 11ζξ
711. 19 81885 ¹:1-
81187 81877 ¹¹³⁰

⁶5

1757 711 88555 58597 Ἰ87111851 mlx... 8115815518 11781771

’ ωῃ 17.

1758119 0735565997 18715 891 1788711 1885887789 stuwi}
117· 1⁰ 54867 857 15118 87719 1137
711. 19 51599 888 711 19 87788 11
0827 58738 881 81187 87517 113ξ
111866 841784 558 81188 87581 11·

1757711 8885557587 1871578558 1789 711 818588851817711119ῗ
1118 57519 8557 15118 88578 1135
su 19 57779 8558 711. 19 88195 ⁵7¹
81187 57718 8555 81187 88589 57ξὲ
171188 57785 8558 171188 88511 ⁵⁷·

 

