, Tabulae X. 877111. stLeonie.

Apr. 10 19‚709 · 17,21 47771 48359 896
1771. 19 19352 1737 1771. 19 48330 668
07127 13592 17,60 07127 48306 997
Dec. 66 19325 17,88 07766Ι 48387 797

7777 7777. 0777777777 419909791 1791991. 0119799999 919979799
Apr.10 22547 Apr 10 52114
777, 77 , 77777
09. 97 99 777
7777 77 77777

1779911‘191‘19999 777777777 7777777. 0119799‚999÷199799‚9
777 7ο 77’Ῑ”7ο7 ρ. 77ζ777 7777
777. 19 77777 7οό7 777. 77 77 777 7777

7777 san. 7717176777 77371677 17801911. 7171 7176777 999* 177

071 27 25,119 40,57 07127 55 705 2443
Dec 66 23021 4115 07766 5530) 2334

17733777. 0119799195 919509099 17833777. 0113758338 -7-1547 391
Apr. 10 28 ,025 214,8 Apr. 10 58, 932 331
Jul. 19 27326 2209 3771. 19 59023 231 9
071. 27 27, 828 22, 71 Oct. 97 59,111 919
Dec. 66 27, 731 23, 35 Dec. 96 59, 197

-ῖψΓ--ῄψ

17741777. 0113730334 4-7-1550 307 17843777. 111382 ,239415464139
717710 30338 330 7177710 2,322 41,10

1771, 19 30646 Ι 433 ,177119 2,401 4051
071. 27 30, 558 4,95 07127 2,474 9997
Dec. 66 30, 473 5, 56 Dec. 66 9599 3933

17753777. 0113799,579 -Ι-154945,29 17853777. 01138 5,590 715461954
Apr. 10 33, 491 45, 89 Ap r. 10 5 654 1991
1771. 19 33 416 46,47 Jul. 19 5,711 1854
Oct. 27 33348 47 01 07127 5,762 4844
Dec. 66 33, 287 47 ,53 Dec„ 66 5 ,805

177617771113736377 -7-15492739 17861777. 01138 8,861-7-15455734
Apr 10 36, 321 27 78 Apr. 10 8999
1771. 19 36 273 9993 Jul. 19 8329
Oct. 27 36 ,233 28, 64 071. 27 8350
Dec 66 36 2,02 29 ,01 Dec. 66 8, 963

77777777. (1777777777 ,7777 999 1787Jnn.0119812‚090 9199999
777· 10 77 777 777 Apr. 10 77 777 ³⁶9
177719 77777 777 777. 77 19099 7777
09 97 77 777 777 0997 77777
7777 77 77777 777 nec 99 77777

——-— -ὒ-ΕῊ-

1778J9n 7777777777 Ἶ7777777777 fflsan 7777777777 77777777
777. 10 77, 777 77, 77 777. 7ο 77, ’777
777 77 77777 99 91 Jul. 77 19 777
07, 77 77 777 99' 77 Oct. 97 19 990
990 99 99 777 99 99- 990 77 77 777

7777777 77777777774777777777 7777777 7777777777777775794
777 77 77 777 7777 Apr 7ο 17 777 ⁵6¹⁷
99. 77 77 777 7777 777, 77 77 999
0997 99 777 7777 0997 77777
7777, 77 77777 7777 777777, 77777

·-————-..—.

-ψ,

 

