’706010οΧ 899ss flon’mu’t.

110010. o 3 004-009
0010 00 001
10. 19 00 000
0001 00001
00000 00000

17511011. 0 5 285889 -

140010 35,871
Jul. 19 85845
000 27 85811
900 66 35,769

1752100. 1 5 238660

1754 Jan 0 5 243 928
43 843

43 756

000. 27 43 ,666
Dec. 66 43 574

1100 san. 0 0 000000-
1010 00009
10. 19 00099
00. 01 00010

90066, 46,123

17561011. 1 5 249028 -

10. 10 00000
10. 19 ,00001
00. 01 40100
00000 40110

17571010. 0 5 254610-
Apr. 10 51,540
Jul. 19 54477
000. 27 54420
Dec. 66 64369

17591011. 0 5 254007 -

10010 00090
10. 19 00901
0001 00900
nec. 66 00000

629 5440
5458
5077
4997
49,17

0000400 11001011009000
38, 10 Apr. 10 59, 873·
00 00 1019 09 094
09 00 0001 09900

Ι10,οο 00000 0900οι

8803528 17617011. 0 5 6 2821
0010 10010 0000
3692 Jul. 19 2909
3772 Oct-27 2963
6652 90066 , 8026

4299

4227
0100

8803331 1762700. 0 5 8 5,878- 8293691
8409 Apr. 10 5,942 3624
3484 ,10019 6‚010 85,θῖ
85, 55 Oct. 27 6082 3596
3623 90066 6,159 3454

Ρ.

2482 00027 15623

8302456 17657011. 05315378
2473 110010 15,462
2482 101. 19 14544
2474 Α690666, 15,699

0001011 110110. 00001010
1010 10 10 01, 101
10 00 Jul 19 01110

830 0,18 1769Jan. 0 5 324662 -

2959,45 Apul mes
58,69 Jul. 19 24655
6888 00027 270689
57,04 90066 27,615

829 5,15

 

8 29 4458 1
4375 ’

