Tabulae X. 81111 44 Off.

Αρτ. 10 55311 5858 Apul 14380 5858
Jul. 19 55348 5835 191. 19 14311 5358
09627 55379 5959 09527 14598 5253
Dec. 66 55505 5959 05556 14592 5218

17511544. 0208257586 4442412211 17611944. 0 8816388 -1-4426 470
7747 - 7797 479 100 ·

05127 57582
05566 57584 1458 05566 16368

955944. 1444545555 mmm
Apr. 10 59554 5554 454. 49 45547 4574

4759544 9715555555 4145175755 47591745, 5155141555 44151515

544. 49 59545 5755 111. 19 4555
95457 59595 5759 95457 45575 4557
94555 59575 5757 94555 45544 4559

1758149. 02088 1,921 4442489584 1768149. 2088211540 4442628,θὶ
Α r. 10 1594 4056 Apr. 10 20981 2857
1441. 19 1561 4052 1441. 19 21527 2659
05627 1522 4051 091427 21578 · 28113
Dee. 66 1378 4058 054566 21588 2851

4754544. 55955 5555 44454559 475495. 4595555554 44495495
Apr. 10 8385 5254 Αρτ. 10 2112ss
744. 49 5555 5554 744 49 55574
9557 , 5574 5457 94457 55594
115966 8512 5158 119566 28500

1755199. 02088 5578 -4-4425 457 17651449. 0208825,418 mmm
Apr. 10 5509 859 Apr. 10 25585 5528
ul. 19 5542 8,25 1441 19 25558 5552
09227 5578 235 09627 25528 5641
115566 55102 2,20 115566 25598 5151

4755744. 110111‚115÷112111‚11 4755545 959559599044457 957
· Apr. 10 7595 4455 45449 57579 95
554. 49 7554 4559 544 19 57545 4959
95557 7549 4554 94557 57545. 4499
115966 7,176 1224 115956 27588 ¹2⁰3

175711111. 95955 9549 7544555459 4757545 9995559594 44495455
45549 9555 5455 4544 59557 5436
Jul. 49 9599 5545 594. 49 59559 5559
9557 9555 5579 95557 59559 5555
94555 5557 5454 95555 59545 w

· 17581111. 9595544555 Ἱ444555455 4755744. 12· 5555555 44495955
5513 1154 818 158
94457 49555 5555 9557 55445
94555 Ι49594 5455 94555 55455 4524

4759744. 9595545559 5444554459 4759945. 9595554579 44495546
579 595 495 5079 999 55
94557 45ζ757 4555 9557 54557 5192
94455 45597 4459 95555 94554 9695

 

