Tabulae X. 83031. a Ophiuchi.

4730 4730 2202? 4333. 034433

WN‘WW ΜΝ

43 0-13334477 - 433 -443 ..4 44 4730 4113433333 4414341374
4-43334443- , -443 ..444 4734 43433034 4340370
-33034443 - 330 -403 -444 4734 43363849 4537371
30-0344 4433 - 333-434 -444 4733 43433373 4333377
- 4473 -4034-433 -444 4734 43343344 4330333

- 4733 43343037 43 47330

‚ ‚ -443 -444 4733 43373344 4343347
4444440333 4433 -4433- 73 -344 4737 43403334 4340333
4443543 4433 -4333- 33 -344 4733 43443303 43 47334
44 40347 4433 -43344 03 -4 44 4733 33433033 43 43334
3441393 4473 -44334 43 -444 4730 43433304 4340347
4734 43343334 43 3333

1441041330 4433 -44334 33 -444 4734 43333304 43 3300
404134 4447 -4444 4443 ..444 4733 43337030 43 0334
41334 4447 - 3374443 -4 44 4734 43333703 4433304
114110440174403 - 333 4433 -4 44 4733 44 43330 4433333
w 4473 - 334 4433 -4 44 4733 44 33300 4430343

. 4737 44 73034 4443374

42343 4443 - 434 4433 044 4733 44403334 4443340
lu ÷2‚⁵⁵ 4443 - 4344433 044 4733 44433333 4440303
19313344 7,7 - 0344433 344 4770 44433304 4433333

- 331 -4- 430 4143 44 41 Diei 43413010 addendum 3414
2944037.. 73 4 337 4447 44 44
1148742ρῶ
-13‚7 4· 7,76 4- 8,0 42 42
32391 -43,0 4 334 4 33 43 44

1' · 44403- 7ζ7 4 3343 ἶῗῖζῧ Ϋῖἓ
41139 - 33 4- 339 4163 44 44
«113294 13 4 234-183 4141 ”

1’46443374 33 4 333 -403 44 43

3443344403 - 433 ..443 043

44333 4433 - 434 -443 ⁰÷⁵
3443334433 - 333-443 -145

14334434 lan. 31 Febr. 4444404444 bissextorum legitur 41134 inaquam. ,

 

