Tabulae X. 85511 α Ceti. “

5555555. o 45555555 5 3 55155 5555555. 5 44551555 53 55155
555. 55 55555 5555 555. 55 55555 5555
Jul. 55 55555 5555 Jul. 19 55555 5555
55555 55555 5555 55555 55555 5555
555555 55555 5555 555555 55555 555

1751 Jan. 0 24918599 48 55430 1761 Jan. 0 24947,762 -5- 3 81505
555510 18584 53,67 Apr. 10 47802 1575
Ju1.19 18‚560 53,01 Jul. 19 47,850 1656

555, 55 55555 5555 55555 55555 5555
555 55 55 555 55 55 Dec 55 55 555 5555

55555555 5555555555 55 5 555 5555555. 5 55555555 55 55555
55555 55, ’555 555 555. 55 55, 555 5555
Jul. 19 55 555 555 555 55 55, 555 5555
555. 55 55555 555 55555 55555 5555

951. 66 21,387 , 3,66 05566 51,357

17533555. 0 24924 527 -5- 3 61861 17631555. 0 24954446 48 84951
Ap 5. 10 24, ’454 17,89 515510 54529 5015
Jul. 19 24,375 17,19 Jul. 19 54,617 ,7
051. 27 24 292 16, 51 Oct. 27 54 ,707 5

Dec. 66 24 203 15 85 05566 54, ’799

17545550 0249,27349 -53 630,77 1764155551 24957885 53 9 636
5155510 27 258 30, 13 Apr. 10 57, 978 637
Jul. 19 27,164 29 53 Jul. 19 58 072 731
Oct. 27 27, ’068 28, ’97 Oct 27 58,165 7,73
955. 66 26 969 28,46 055 66 58258 809

5155. 10 30, 020 42’ ,85 Apr. 10 1437
Jul. 19 29922 4243 Jul. 19 1,527
Oet 27 29, ’826 42,07 051. 27 1‚614
Dec. 66 29, 730 41,76 Dec„ 66 1599

17563555.124932,878-5-3657,55 5555555 5555 5555555555
5555 55555 5555 5555

5555

5555

51555110
Jul. 19 35, 519

17581555. 0 24938,531 -5-3 725,60 1768355551 250114955· 310 674
51555. 10 38, 477 25, 84 5155510 11,531 639
Jul. 19 38432 2613 Jul. 19 11559 596
Oct. 27 38, 395 26, 49 Oct. 27 11, 579 550
055. 66 38, 367 26, 90 055. 66 11, ’590 493

-----

5555555 5555555555 55555 5555555. 5555555555 9701991
555. 10 55555 5555 55555 55555 5555
Jul. 55 55, ’555 55 55 911 55 55 555 ,
05555 55555 55 55 05155 55 555 ,55
555555 55555 5555 Dec 55 55 555 ,39

 

