Tabulae X. Soet. Ι. α 158565 austrini.

1⁷6⁰ 1⁷6⁰ {2203 44444.

mm-‘W’ Μ

151 5-5555 - 55 -1οἶοο ÷ s‚o 44 ο 415559 48455574
10 -5515 - 75 - 5554 55 44 01751 45 555455
55]-5551- 45 - 555 4 5,4 45 -1 1⁷52 45 555555
551-5515-55 - 7594100 43 -1 1753 4⁵56‚7555

5545 -55514 1‚1 - 555 4155 45-51754 44 51115

19 -0,894 4 4,4 - 5,24 4150 41 -2 1756 44 60220
15511-0034470 - 800 417,8 41 -2 1757 44101771
11 -0,788 4110 - 108 4190 0-21758 44185819
21-0,605 ÷15‚2 ÷ 0,19 4200 -1 -5 1759 44160865
31-0,434 4190 4 200 4210 -2 -8 1760 ffiffiw
14551 -0,22 4220 4 4494220 -2-11 1762 44269491
40017 4260 4 608 4220 -8-2 1768 44800029
40095 4290 4 8,97 4220 -8 -2 1764 44880565
11541 400014810 411,17 4210 -4-2 1765 44870097
20400 4880 4180842441 -4-2 17ἓ6 fflssfizs
÷1376 4850 41524 4180 -4-1 1768 44470684
, 4550 417,01416,5 -5-11769 44500809
19 41088 4840 41808 4180 -5 - 0 1770 44580781
2942827 4880 41907 410,8-5 0
M 9420524612 42009 4 7,6 -6 41

. , -14,5 411,40-11,4 4144
-15,2 41006 - 9,4 42 44

Deam

Μ

-555555555
55 4541
55 45545
55 54577
55 5545
5445555
5451451
5414415
55 55575
55 54555
55 55554
5554455
5555557
5515555
55 1554
5145455
5155575
54 4515
5545555
5554455
5ο 5555

In menn. 855. 518555. unorum bissextorum legitur dien inaquam

 

