1999. 0 01028
10 05825
99 99999
80 06097

999999 00391

99 99999
uum 99999
99 99999
21 99999
99 99999

199. 99 99999
99 99999
so 9‚7865

9999. 10 99999
99 99999

00 mal
Jun. 9 00695
19 08905
29 09108
Jul. 9 99919ἶ

99 99999

99 99999
⁸* 91 13111
· 99 99999

septa 99999
17 o‚0166
27 99999

o«. 9 99999
17 99999

· 2⁷ 00195
Nov. 6 00591
99 99999
26 00819
Dm 6 00910

19 99999
99 99999
99 99919

Tabula vm
1⁸⁰⁵.

051661 050961 02999
055089 080699 12790
0560599 097211 12126
0571599 008181 01878

0589299 0156999 1,1091 ,

0601999 msa 09970
99991. 19999- 99999
0612199 &26³2- 05185
0607799 126909 &2798-
0595199 0261999 056299

0575599 &2416- 0811799
0518599 020681 1,(111799
0515199 1,1556111,111899

017791 0088599 018629 ,
0188599 098289 mma ‚

010119 088109 ami„

086711 058719 029691 ,

0818299 090591 imma
0880799 08565 180889
088050 07282 1388299

999999 99919 99999.
999199 99·
1199 11133

012209 02519
919999 99999
010989 12682
0885199 02572 06688
081889 13821 09019

10101119 1111
01587 n 00168 13098
99999. 99999 99979
99999. om 99999 ,

11118 1101. 1991

999999 99999. 99997

01551 n
11182

07169 u
08157 ι
00908

 

