Tabula v111.
1785.

Lnga! 1103AE 1103AE 1051) Ιιομ Ε

⁶ ΜΜΜΜῸΝΝὉΝ

su, o 9‚1o91
1⁰ 99666
9ο 99199
9ο 91911

96969 99919

19 96696
119111 98901
11 96111
91 96969
91 96661

Δρι. 19 96761
8 39111
”²³13 3181

80 98988
Iun. 9 98188
19 98185
99 99661
191 9 98878

19 99991
99 99919
⁸¹¹* 18 8ζῇ
19 99669

96619 99969
19 99966
99 99969
961 1 o,oo.19
19 99199

97 08288
“ 18996 08848
16 08462
26 08590
Dee. 6 08724

16. 00861
26 08995
86 08125

082189 081019 18998
0825499 080729 18790
088259 087269 18425
0841599 1881499 18877

0851099 185709 18098 1
0859499 1809499 08969 ,

086549 184889 08265

... ω 4884
88962 1001
88378 1-0,οὅ
Ι1081
1191

,9081
9081

086809 186829 08182 ,

086689 186909 988179
086149 188189 0862999

0852199 184159 084469 ,
0889499 1806899 180479 ‚
082429 1855699 (1811899 ,
0807799 1,08869,,·1,186199 ,
0891299 0882499 ,1889099 ,

087629 088429 1875099 ,
996196 966716 199699 ,

0856899 980789 180619
omo„ 08558
085449 omo

085989 08114
omo· 18887
ows- 1,1194
088689 18808
089459 18279

089929 18519
196691. 19661
99961. 19669
omo. 19611
nans· 18824

05⁵7ss- 1‚1919
989166 11999 11111
omo· 18467 ,
089499 08222

087649 88255,

0862819 08218 ,8088
085569 087709 18066
085509 084819 18987

mms- ζ
188829 ‚

18601 9 ,
1818999 ,
185519 ,
186889 ,
084889 ,

omo„ ‚
0845999 ,
08905 , , ⁹
08688 ,
08020 ,

18448 ,9

 

