Tabula vlu.
1815.

laga! 1103AE Iagss' Log.D laga 1:

&mmmm-omma·

8111. 0 990181 09990 090931 1,ῧ99 -ω -005
10 995091 09659 0,80681 idm -005
²⁰ 98182 3818 IIII? 1118 ⁸⁷⁸⁷³ 233}

868189 998681 0,1827 1,1569: 121094 ‚ -0,05

19 998021 0,0977 190981 09971 , -005
011141 997871 0,(080 194381 09267 -000

11 991511 99242 196521 09186 , -.

21 998581 98615 1969011 997811

81 897641 9‚8340 1,26191 096291 ,

161. 16 &anon 99166
8 510 381
90 181· 188

60 87698 0,0617
51111. 9 89699 0,0705
19 99108 0,0675
29 99171 0,0185

Iul. 9 9,.1012 99466

81101 18 199 ,2 ..
91611 1ζ1196 ,

1941511 094471 , -.
18821ζ882’ -
198851 198621 ,
0982811 198911

098891 197511 ,
098691 199691 ,
990491 1,80611 ,
09569
09284

69111
Aug. 1 91661

Ι18 99047
88 9,5850

sept-⁷ 99606
17 99817
27 99091
061, 7 99280
17 99484

97 99650
Nor. 6 98889
16 97129
26 99988
Dec. 6 99652

16 99915
16 98167
86 99408

96991. 11669 ,
96111. 19119

997101 19519 ,
9978411 19664 ,
992401 19682 ,
998701 19572 ,
991861 19824 ,

99782119980 ‚
9818181 1:132! ‚
991061 19468
991701 09224
995171 09259

995401 09284

961161 861191 191616 ζ

91661. 661166 19911

 

