, Tabulae X. 89911. β Tauri

1199111. o 11991919 Ἰ1911911199 1199111. 1 1119999191991199
19119 91999 999 1919 9999 - 1191
111. 19. 91119 999 111. 19 1999 1919
911911 91119 199 99191 1999 1999
91999, 91999 1,11 99999 1911 9999

17511911, 0 51035‚491 ÷28221151 1761199. 0 51110‚843 ÷29295199
19119 95‚176 1911 119119 19999 9191
Jul. 19 35‚451 9‚90 Jul. 19 10‚949 6562
91191 99919 999 , 01191 11997 9191
09966 35,369 8,.910 09966 11,078 5792

17521911. 1 51039961 4211221265 1762199. 0 51111633 19993999
Apr. 10 39,111 11,87 Apr. 10 14,91⁰ 1118
111. 19 99919 11,19 111. 19 11991
09127 38378 1043 09127 15‚084
09966 381197 9,’1’6 09966 15,181

1199111. 9 91919191 199991199 1199111. 9911111999 19999190
Apr. 10 19919 1919 119119 19999 ⁷1⁶
111. 19999 1991 111. 19 · 19999
99191 19999 1999 91991 19919
91999 19999 1199 99999 19991

1191111. 9 19999 1991 1191111. 1 91199991 19999191)
119910 15‚65 Apr. 10 23306 12⁶¹
111. 19 19911 1991 111. 19 99919
99191 19199 1999 91991 99999
09966 45,680 14‚83 09966 · 23‚545

1199111. 0¹ 91919199 1999919919 1199111. o 9119199919999199
119119 19999 1991 jw. 10 91191Ι 1991

111. 19 19991 1991 111. 19 91911 1611
91191 19919 1919 91191 91919 1691
991. 99 19999 1999 99999 91999 1696

1199191, 1 91999919 9199999999 11991111. 9 91191999 1999991136
19119 99199 9999 19919 91999 9106
111. 19 99919 9999 111. 19 91991 1961
001. 97 99919 9999 91191 91991 1⁹3fi
Dec. 99 99111 9999 99999 91991 1816

1191111. 9 91999991999999111 1191191, 9 91199999 19999994
1919 99191 9999 119919 ²2⁴⁰
111. 19 99999 9999 111. 19 99919 2182
9991 99999 9999 91191 · 99999 1118

99999 99999 9991 91999 99999 1950

1199111. og 51059‚686 Ἰ1999999999 1199111. 1 91199919199991173
19119Ι 99919 9199 19119 99999 29⁰²
111. 19 99999 9199 111. 19 99999, a
&1271 99919 , 9999 91191 99999
91999, 99919 9991 91999 99919

—-.-.—..

1759113113 ⁵¹1 ἓξὲξ 1289111116 1199911. 9911199911 19999Ξ1ξξ
Jul. 19 3,le
Oct. 27 3903
09966 3204

 

