Tabulae X. 9691449949.

4, 4 4 , ,,

4 594544 94414195 ,43459196 4 994646 4 44 ’164991999699
..194 10 169· 3· 3543 Apr.104 12137 31111

4444 49 16 964Ι 9569 464 491 19949 946.-
94994- 46949 9696 0444= 49545 9944 =
-“44.666 469441 9695 96666 49565 9944

17511444. 011119655 -1-20291722 17611944. 0111152791-20261117
,Ap pn 10 19. 622 17 71 11961 15 333 135·Ἰ
191. 19 19582 18 30 Ι1441. 19 15392 1264
40427119. 531 18 89 ‚Oct¹ 27 45, 457 144³
106666 19,17 9 1951 ’066661 15, 527 1161

4459494, 4 44 4999949999 944 44694446. 944 449995 49995594-

’.1-94111 21171 1),ῖὸ 44944 49999 699- ,
144149 99496 444 464 49 49995 549
oct 271 21036 211 064. 27 18, 161 5974·

106666· 21959 280 106666 18517 511,οτ

17531944. 0,11121,717 -4-20281312 17631944. 0119151251 420253143
pr 10 24638 4411 Apr. 10 51,335 301
191. 19 21, 555 >7¹
06127 21,710
06666] 21982

1751144111. lg 14 Ἓῶξ 1202112677 17611999. 111151295 92025311ὶ
ul. 19 26 961 .
06627 26871 , ’
Dec. 66 26783 29, 21 066. 66 51, 630

4455464. 9144499945 49999 999 4465449 944454995 4999444943
4pr. 49 99466 49 45 491 10 . 1111
4444. 49 99969 4996 444. 49 64 499
99. 94 99 995
994661 99994

4466464. 4 44 444969 499946994 4469466, 9946 9999 91011781,
Apr. 10 94’ 995 5999 464. 1· 9499 ,2111
444. 49 94949 5999 4444. 49 9,-469 1711
Oct. 94 94, 449 6999 9994 9949 17-ξῖ
94666 94 699 5999 96666 9559

4464. 44 494499 ,4999494444 446446, 9446 9945 91011 81
4410 94944 9499 ,4, r 10 9944 ⁸2³
414. 49 94999 44'71 441 49 9964 1-1

94494 44949 4949 96994 9949
96666 94949 6499 966 66 ³:³98!

144119 36931 1533 144119 6‚144
06127 89 916 1512 06127 6112

4459444. 9 44 446995 9999445 54 446946. 4 445 6994 49994191
Aprj1o 96954 4699 4464. 49 6999 1115,
96999 4496 Dec 66 6999

44,ιῖ 49 99 644
444. 49 9969
9994 99669
444666 99996

 

