Tabulan: 966444 4466666.

4776366. 61414’4’ 4766 4 36146699 4793466. 4394149497 4 34'2 769

4664 4ζ679 6674 4664 49446 744
64. 49 4’646 67’,76 6449 49499 644 ,
66447 16656 7

477466 4944 464414664 646 4794766 49444466446644464·
4469 46646 44644 4444
7’46 73449
7’64 66447 44776 4444
44467 4444

766 44944 7444 4 ⁵5116‚01 4794766 6494446796 4 6644446
4664 7,467 4949 46646 469641 4444Ὶ
6449 7646 ἐὲἒ ό6149864694914467

4647 4466341

A4 44·19
9

47741466 6494444669 4 66444344 4794966. 4494444444 4 6644699 ¹
466461443446164461461’33646 44469 44441
46449 44’44 6449 44444 4444
9994 6647 44664 4464
343366 44449 9649 66666 44647 4446
4776766 6494446 449 4 6644949 4796766. 494446 664 4 mm
9199 919 9191941 9999 9999
66447 44999 9746 66447 46’764 6449
446666 44949 46946 6444
4776766 4’,494447794 4 6644496 4796466 494444749 4 666 446

46,·64 17'777 4444 4664 44966 464
734 49 47464 4646 764 49 49, ’944 479
66447 47 646 4469 49ζ979

4466,1 47 676 4446 . 49969 663

4777766 6494446646 4 6646649 474 746 494464966 4 6644446
1314. 1 g& 359 Α r. 10 51873 1125)
ο6’447 20’440 49343 346419 3393393 3337
66666 20'424 4744 664 64494 4466

4779446, 6494444479 4 66466744 4799 66, 4494464946 4 6694464
46646 44469 6666 4664· 64469 4644
76449 49469 64’ 46449 64944

66447 44476 64 64 66447 64966 4666
66666 49496 6494 66666 64769 4744

17791444. 0191126331 45⁵2 1,19 17893444. 0191157,731-4-55335,12
. 01111641 57301 35398
699 1941441 49

, 59,18 144466 57338 mo

 

