’1111010 vm
10³8-

m 1043 11101110 1.»... 1·

ΜῸΙΨΜᾺΝΜΜ

1110 &9688- 099811 oms?- 19999

{g g’ffi: 091181 omn· 1342? 1
092601 198121 1,1879 ,
093751 1,15681 ΠΜ ,

094791 190981 09971 1

10 11111
111.. 9 11491

19 89511
Mul 89808
11 99709
21 214ae

³1 sm

111110 mm
10 99162
10 99697
10 91788

28 99091

1117 91147
17 91111
117 315σὲ3
17 91711

Not-2} 99191970
111
M ⁶ 9960)

16 99701
26 99959
16 09127

01011. 01011. 11791

096681 191881 09269
096191 lam· 0‚5188

111 111311

09191. 11111. 01117. ,
1111111 1111 ;
01111. 11011. 1,1111. ,

09171. 01119. 11101.

,110 31Μέ01 3111ἷῖ 1913 3
091371 990281 1,.10611 ,
13111 3:323} 1535: ;

092711 09119 196011 ,
098611 19310 191671 ,
091621 1,1196 1,15191 ,
09111. 1,1110 11111. ,

09111. 11110 01110. ,

01107. 11119 01111. ,

01714. 11111 01111. ,
01711. 11111 01911 ,

1191 111

096961 1,1910 ,
095051 1,1823 ,
09107. 19169
098161 om

01111. 01111
01101. 01111

09191. 01711. 11010 ’
092191 0917211 lassa ‚

-6‚o1
-011
-0,01
..0,01
..0,01

..0,01
-0,01
-011
-011

·.-0,01 .

-0‚01
-0,01
-011
,0,οι
..0,01

,0,01
..0,01
..0,01
..0,01
..0,01

010
0,00
010
010
0,00

0,00
010
010
010
..0,01

-0,01
..0,01
010
010
010

010
0,00

, 010

 

