Tabulae X. Sect. II. 6 Piscis austrini.

4446466. 6444461466 -6666 1,46 4466466. 4444646664 -6644 464
·466. 46 64 664 466 466 44 46, ’664 4,44
464. 46 641644 4’66 464. 46 46644 466
oct. 67 54, 545 169 oct. 47 46766 761
4466. 66 64 464 466 66666 46 666

17711644. 0224457842-30494299 17811644. 0224530177 -30464839
416410 57753 4314 464410 30,276
Jul. 19 571660 43135 Jul. 19 30,377
061. 27 57, 562 43161 Oct„ 27 30, 480
Dec. 66 57, ’459 43, ’93 Dec. 66 301584

44441466. 414446’“” 6646 -66464666 4464466. 6444666666 -66464646
4164 10 01740 25,41 Apr. 10 34, '004
Jul. 46 6666 4664 Jul. 46 64466
66644 6646 46 46 66444 64 444
66666 6,446 46 46 666. 66 641644

17731644. 02245 3803 -3049 7,82 17831644. 0224537628 -3046 766
Apr. 10 3, ’693 8134 46410 37, 728 ,
144119 3586 8,89 144119 371824 .

061. 27 3,480 9’48 061. 27 371916 ,
Dec. 66 3 377 10, 09 066. 66 38, 004 ⁴

17741.644 02245 6762 -30485112 17841644.1224541,324
,1411113 51553 52138 1411.Ι 19 41'487

06127 61476
06666 61391

. ⁹ , -30483470 1711516460 ,
3535 Apr. 10 45,011
36,00 Jul. 19 45062
‚ 3663 061. 27 45,105
066. 66 96499 37,25 06666 45‚140

4446466. 4444644664 -66464666 4766 466. 64446 46646 -66 46 466
6 466. 46 44644 4666 466. 46 46664
. 44 474 4646 Jul. 46 46646
666 44 44 444 4666 66644 46666

066. 661 121727

6146
’4444 {an-EM& -6646 466 4462466-64446 64666 -66444466
46646 46666 464 466. 46 6464614644
464. 46 46666 464 464. 46 64664 4666
664 44 46644 466 66444 64666 4644
4466. 66 46666 666 66666 64664 4464

. 2 ³ p ·

‚ -304424,15
2395
23111
2372
2370

4446666. 6“444644,646·-664446,44 4466666. 6444666644 -6644 464
464. 10 22,966 2658 414410 58,241
16419 46666 ’ 4666 16119 66464
666. 44 46464 4666 66644 66646
Dec. 66 23179

 

