' Tabulae X. 899111. 9 Aquarii.

11191111. 9111111999 - 1111119 1191111 111111191-1111119 1
Apr. 10 581172 . 3538 ,1911 mm 51180
111. 19 11991 1119 11119 19991 1199 1
9111 11111 1199 91111 11919 1111
119966 58732 8199 119966 zum 58,oe ,

17711111 02151 1,897-12517,92 17811111. 0215181209 -1221117
1113 111 1132 1113 1119 11
09127 1698 1805 09127 amo 1091
01966 1659 1822 179166 31526 1061

17721122 12151 11179- 125 1,07 17821111. 0215131583 1212362
Apr. 10 1,590 1,29 Apr.1·s4‚672 2337
Jul. 19 4504 1,56 Jul. 19 81768 22⁸7
09127 1,111 1,89 09127 911151 2212
nomes 1,820Ι 228 01166 91917 2192 ¹

1773¹Jnn. 91111 1119 ..1111191 1119 san. 9111191999 119 191
191110 zm 1518 111111 sams 161 ’
91119 1111 1191 111. 19 19191 111
91111 1119 1111 91111 19111 . 991 ³
09966 7,051 47,oe 179966 911967

1111111. 9111119119-1111911 1111
111 911 ⁹
91111 9ζ991 91ζ99
91119 9191 1911

17751111. 0215112,912-12111,95 17851111. 0215111810
1113 1199 1111 1111 113ἓὲ
91111 11999
nass 11191

1119111. 1111111199
111. 19 11119 191
111. 19 11191 1,11
9111 11199 ξ11
,91

111. 19 11119
91111 11191

Apr. 10 21,565 91,16 119110 51,172
ul. 19 21,567 ⁴ 8158 Jul. 19 51152
09127 21678 8196

1111111. 9111111111-1199919 1119111. 1111111119 1191911
91119 11191 1

111 119
09127 21771
01966 21,ὅῦ

 

