Tabuluxsectlssam.

' ', 1710510711 1700Ι ιι 193632319413331'31

‘⁹²' Μ {33}
⁷:82³·
1.*οπ

1751, ⁷⁵⁰ ⁸338 10000 070 17611211. ι 71033131413333351}
“ 1001 3006 701 1011· 00710 05 00
70110 0751 0750 10110 00505 0,,-1

0007 0710 500 00 00751 11..
00050 0700 577 000500 07710 0,.

1757705 1 700 7700 0715055701 17312 0 70001710 01001507
Apr. 10 7‚298 5736 Apr. 10 12199 5⁴⁴2*
Jul. 19 2221 56,87 Jul. 19 &593 ΜΗ
0007 7705 5570 00177 00007 11,-ι
Dec.66 2043 66,oe Decffi 4279? Μ

1750110 0 70010700 0700511170 1750110 · 70000150 1100100
101. 1ο 10770 1071 13¹ 10551 10,
10110 10570 0777 00070 2221

0007 10700 1770 00007 00707
90066 10050 1770 100055 10001 155

1751700 0170011007000050070 1701 sm 1 70050510 0100110212
00117 10700 0001 0007 50000 02)
00000 10711 1077 neme¹ 50700 0.·..20
175510070017010 1000010700 mssa . ⁷so⁵4‚652 428313³f1
001170
00007 15000 0070 00177 51000 00,
1300.θὸ 16,888 88752 Dee·- 55‚058 23:¹¹
1755101. 1 70000710 0711050500 1700101 ι 70050710 10101111
10010 00510, 0577 101. 10 507510 122·
333 333 323 333 3
Denffi ivm 2734 office 59941
176711111. 0 70070011 1100510701 1757105. 701 ι711““””
1...ΑέΞῆ ’,ἐξ

00107 70710 7000 οσι ’2307σὶ

01000 70757 2100 00000 0010

1750505 0717077000 ι000051170 1700 01. 1 701 0501 0700100
1011012110 0001 0022222
101 10 07771 1007 10 5711 „3
00327 07711 1777 00017 5750 10011
0οοΗ 07711 1707 05005 0700 500

1750110. 0 70000070 170 05 000 17691211. · 70110710 11000οξ
- 112110 00000 1071 101 10007 4³37
10110 00007 1151 J 19 10010 ⁴33.
00177 00015 1770 00177 10700 4οῗ
00055 00001 10,οε 00055 10700 4050

 

