Tabula vm
1111

084051 050971 lm
88111888 ’118

0187561 1108111

091221 1,20981’

01877

09970

01912111 124881 08266
111111 111111 11111

1181 iffi: 3118

092021 021151
0911211 020681
0906111 015561
089781 008851
086951 098251

088281 088101
0187861 0158721

0187781 919681
0188051 018568
01886711 017282

11111. 11111
11111 11111
111111 11111

081171
007171
0111811
018621

02891 1

imi 1
11381
118085 11
1128821

026011
021681
1, 15511

’019951 111809 ,

01989511 112289

091781 1,2519 ,

095221 112661
0195101 112682

11111. 191111 ζ

11111. 11111

1111111111) ,
6111111111 ,

0192811 110468

091171 019228 ,

11111. 11111

11111. 11111 11

01905711 007591
0191011 064791

11111
11111.

01862
817878
8, ’9181
910888

01852
912111
9, 2818
918898
9, 8905

11111
11111
11111
11111
11111

06128
916101
916667
916915
917150

07878
9, 7585
917787
917980
’9, ’8161

08812
918512
918676
9, ’8881

. 918986

11111
11111
11111
11111
11111

09608
919925
010011

-608
-0108
-0108
-0108

-ο’11 ,
..1,11 ·

...0102
..0108
..0108
-0108

..ops

 

