laga! 11⁰3AE LogAE' Log.D'11⁰g.1 8

Tabula vm?

1837.

66 ο 997996 offla.. 659996 99999

10 018876 082576 080666 02791 ,
20 008816 088886 097226 02127 ,

80 092506 085876 008126 01879

66669 nasos„ 69697. 99569. 99695 ,
19 644946 oms„ 166996 69976 ,

Maru 061056 089816 021886

11 02108
21 05821
81 07718

Apr. 10 09096
13 9ῗὲ6
99 399

80 08618
sun. 9 01266
19 01850
99 05868
Jul. 9 05828

99 9669
99 99666
Aug. 8 ἓξὲξ
16 99916

sofar 9‚7497
17 99699
27 9969
oet„ ⁷ 9‚7967
ιτ aem

27 08287
Nov. 6 mss
16 9,865l
26 08850
Deo· 6 09051

16 99258
26 09157

96 99616

090126 026826
090586 028906
090566 026196

090256 021156
089666 020686
088876 015566
088006 008816
087176 0,98226’

086516 088876
086116 058656
086056 090296
086876 08576
087016 07287

088016 09119
089166 00810
090106 01196
091606 1,1810

092666 02210

098196 02519
091086 02661
091216 02688
091116 02572
098676 12825

092986 01920
092126 01828
,091216 00169
090886 09226
089776 07261

089176 08232
089566 007816
091786 061726

08269

oms ‚

027516

056286 ,

081176 ‚
000186 ,

011116 ,
018626 ,
028916 ,

027516 ,
1610 ’
080926 ἰ
028826 ‚

0261116 ,
02167 6 ‚
015196 ,
006816 ,

091806
07166 6

081526 ,
00912 ,

06688

99699 ,

00112
1,1118
02098

02578 ,
02879 '‚

1691

lm

 

