lag] Ι199,Ῑέ 17700 lugd) Lnga Ε

Wfflwwwvw

’79171711 vm
1780. ·

171. 1 011121 069911 06102102998

11 087881

96799. 99979. ι9799 ,

21 081011 061121 097261 02126

9ι 99996. 96697. ιζ.9977 ι,ι977 ζ
99679 9,ι97ι. 96977. ι’7679. ιἰο99 ,

20 007181 0718177 120911 09969 ,
Mum 097801 0781177 0218877 08266 ,
11 086971 017115 0268277 06182

21 97999. 97999. 97699. 99999. ,

81 068081 076181 026181 066291

Apr. 10 010171 0761777 0211677 081161 ,·
0716177 0206877 1,(0171 ,
078681 016661 muza ‚
072611 0088677. 0186177 ,
071661 0982711 028901 ,

99 99999
so 99667
999 99799

20 09898

80 01219
lm. 9 02278
19 09119

2908882
1771901199

ι9 9,69ι9
99 99797
ιι, 9 96979
11 188

07917 06601
17 0680)
27 06982

ott 7 07169

17 07810
27 07682

897. 6 07786

ι6 99999
96 9999
bas 99979

16 08618
26 08878

8609186

070801 088121 0276077 ,
0701877 068761 0296977 ,
0706677 010821 080611 ,
071221 08666
0728777 07229

078911 09111 ,
075701 00886 ,
077661 01191 ,
0798177 01808 ,

080921 12289 ,

082171 02619

damn! lm 2
088161 02682 ,
088161 02672 ,

08307· lm .

082861 01919 ,
081111 lam ,
080161 00167 ,2099
079681 09222

078981 07261

07880108211 ,8088
079101 007781 18066 ,
079891 061821 wa? ‚

 

