999. vlu:

9. o 999. 9991
ιο 999. 999
9ο 999. 9997
· 9 9199 999
9999 999 999

19 999 999
9911 9997 999
11 999 9999

21 999 999

11 9996 999
999

Ang 4861 999
9) 999
99 91

9 9997
hm 9 999
19 999
9 999
99 9 999

19 999
99 999
”413 988
9 9996

99 ⁷ 999
ψ {3 3:333}
Qsslg 888

27 9,7946
ΝΟΥ. 6 998099
16 98268
26 98451
noe„ 6 9.8642

16 98886 99102
26 99024 99083
86 99208 99024

999
999
999

989
999
999
999

999

99818
99212
99092
98968
98852

999
999

999
999

98784

999 ,

999 ζ
999 ,
999 ,
Qfflffl .

1848.

950851 92999 -·“ω
980641 92791 94362
999. 999
908111 Ι91879
915681 91096

999. 999
999. 999
999. 999

999
9999
999

926901 927401 98898 -.
926191 956281 98905 -.'

924151 984471 94368 ,3
920681 998481 94776 .3
915561 911141 95154 ,3
908841 918681 95502 ιῖ
‘mem' 12392! 955824 1·

999. 999. 999 -.2
999. 999. 999 --2
999. 999. 9997 -.ὶ
999. 999 -.ἒ
ῙΜΙ 93150 ···,

98580
97289

999
1991
999
999

974651 98848 ·
984511 ’9,8512 -· ·-
98676 ..³
98884 ·

999
999
999 ,

1991
999
hm& .
999
999

mos? ‚

 

999 .
999 -.
9,ω83 1

&2599- 97878 ἶ J
921671 97585 -·
915491 997787 ··· ·'
906801 97980 ·-
0,9⁴298 2816* 1 ι

