,Tabula mn. ,
17⁵5.

103] 1003AE 1003st law μμ 8

ΜΜΜΜΜΜ

sam 88888 89889 88888. 88998 ·-·-00· 42⁰¹
88 87989 Ι»8,9778 888788 88789 88888 8981
88 89888 89788 89788. 88888 87878 89ῦὶ
88 98888 ’8,9889 888888 88878 88888 888
89889 88898 89888 88878. 88898 98889 8981

19 9‚2176 09426 18898889967 ,
518701 93597 09351 lmen 089965

. 88 98998 88888 88888. 88879
88 99888 89888 88898. 98898.
88 98888 89888 88888. 88888.

988810 99910 09955 mlh 094468 ,
9 389Ξὲ 39ῗὲ 8 ἒῑὲἓὲἓε 899 ῑ

888. 88 98988 x 89888 88888. 88888. ,
20 95968 09692 098258 lamo·

88 98888 89788 88888. 88788.
sun. 9 99998 89888 88888. 89989. ,

89 98898 89888 99888. 89888, ,

99 98889 89888 88888 88888. ,
88. 9 98987 89778 87888 88888. ,

89 98888 89788 89888 88888. ,

89 97888 89888 88888 88878, ,
ma 97888 89889 88898 88888. ,

{2 3:352? 3233}ss ⁹ ¹

§qm 98888 89888
87 99888 ,
97 99888

Oct· 7 99367 ‚
87 99878

· 27 9,8590 ,
NOV· 6 928⁷w⁴
26 99022

888 8 89888

16 989557
26 99595·
85 99581

 

