. Tabula vm
1757.

,111111 1111111111 w

7111. 0 98695· 08989 0810811 18998
10· 9‚1851· ,08904 08οΙ51 mm
20 9,087811 08787 0872811 18485 ,
80 887561 08645 188151 18876
810119 884481 08491 185701 18098 ,

19 888471 08840 180941 09968 ,
Mum 8871411 08808 184881 08868

11 880681 08109 1868211 08179

21 7‚4989 o‚8052 188901 988511

81 88818 08041 1861811 086801

Apr. 10 88600 08072 1841511 ’084461 ,
80 8,7444 08186 mes· 180461 ,
80 88886 08220 185561 181181

1111110 9,0095 08809 mass· 188611 ,
‚²⁰ 98189 08889 088251 188901 ,

’ 80 98051 08449 0884411 imon ,
51111. 9 98850 08479 088791 189691 ,
19 98547 08472 9810411 1806111 ,
’29 98152 08426 08548 1808811 ,
lul. 9 98674 08840 08285 ima„ ,

ῐ11,9,1118 11111 11111 111111 ,
11 91111 11111 11111 11111. ,
99999’
11 91119 81111 11111 olum· ζ

Septa 98475 08881 18518 om· ,

19999;

’ Oet. 7 98988 om 18578 08688 ,
17, 98094 o‚7250 18884 0808)Ι

’11 11111 11111. 11119 nom ‚
11111 91111 11111 11111 11111
11 91111 11111 1111118111
· 11 11111 11111 11111 11111
nee„ 1 91111 11111 11111

16 98818 omo
26 98580 08646
- 86 98785 08547

 

