Tabula vul
1793.

177971 1203AE Log.C 1103AE laga Ε ’

νονννονονννυυνονοννονν
7

sm 7 79777. 79777 79799. 79997 -571 ³
10 79779. 79677 79777. 79797 , -·⁰.⁰¹
77 79797 79676 79777. 79776 , -971
77 79777 79779 79777. 79777 , , -701
77779 79777 79797 79777. 79797 , -791

79 79767 79777 79797. 79977 ,
,777777 79777 79797 79777. 79776

77 99779 79776 79777. 79777 ,77

77 99777 79777 79797. 99777. ,

77 99677 79777 79679. 79779. ,

7... 77 99996 ’ 79767 79777. 79777. ,
7777 777 777 777 ;
Μὲὲ 371ὲέ 97ξὲὲῖ 35232: &33³2 :

10 9,4466 0,9526 01131177 1275177 ,
Jun. 9 93923 0,9563 05878„ 139691· ,
19 9,5859 0,9572 9,9070„ 1980617 ,
79 99779 79777 79667 79777. ,
Jul- 9 9‚6118 0,9499 052ss 13882· ,

79 99777 79779 79777 79677. ,
79 99777 79777 79777 79777. ,
⁸¹¹⁸· ιὲ 31113 313ἓὲ iffi} {⁹323}ss ‘
77 99777 79977 79779 79777. ζ

77777 99777 79777 79779 79777. ,
77 99767 79777 79767 79767. ,
77 99676 79797 79677 79976 ,

oet 7 99777 79777 79777 79677
77 99977 79777 79777 79777 ,

77· 99777 79977 79979 79777 ,
Νοιδ 99207 0‚9008 1‚1822 1,1414 ,
76 99977 79796 79777
76 99779 79777 79777
7.. 7 99777 79777 79776

79777 79777 , ,
79777 79767. 79766 ,
79769 79777. 79977 ,

 

