· Tabulae X. 8991Π. α Geminorum.

7779677. 9 77951599 ,9977 699 7799777. 7 7 71796999 ,9171 77197

Αρτ. 10 51460 8,78 Apr. 10 30883
Jul. 19 54408 8,15 Jul. 19 9090ss
· 09187 54334 7,57 09187 30995
099. 66 51857 7,03 09966 31098

777767Γ7 9 77959, 799 Ἶ79777 997 7797
7,,779 59 959 77 59 77
611119 57 959 59 99
977. 77 57 99 59 99
977. 99 57959 59 99

17781911. 1 780 1648 -1-38815184 1788 ·
719910 1533 5159 Apr. 10 39860
Jul. 19 1480 5148 Jul. 19 39,975
. 09187 1303 5138 09127 39491
Dec-66 1183 5130 0996 39,608

17731911. 0 780 5,073 -138814436 1783 Jan. 0 78041417
Apr. 10 44951 44,39 719910 43,533 ,
Jul. 19 · 1889 44,50 17119 43,647
09187 1707 44, 68 091. 87 43, 758
Dec. 66 1586 44,94 Dec. 66 43367

7779 777 9 779 9979 79777 97 99 7794777. 7 77997 999
7,)7. 79 9959 99 ,77 1,,7. 79 97, 799
Jul. 19 9999 99 58 Jul.19 97999
97777 9979 99 09 97777 97 997
97799 9979 9999 977 99 99ὀ7ο

17751911. 0Ι 78011904
17779 77999
17119 11704
09187 11615 ,
09966 11534 34 88 Dec. 66 58,178 3810

7796777. 1i 77975 999 Ἶι977777 99 7799777. 77959 9971797797517
77779 75 999 7997 7,7 79 599991 7959
177119 75799 79 75 777. 79 59 797 779 ,

97777 75779 79’97 97777 59797 961
9779175 797 9977 Dec 99 59 799 6616

7777177 9 779 79999 ,97777999 7797777 96 777 9997 ÷92901⁵⁴6
Apr. 10 18, 991 84 ,89 Apr. 10 0977 1166
777. 79 79 999 7599 17119 0’099 6666
97777 79997 95'90 97777 9979 1666
977 99 79997 79 77 977. 99 7959 999 6966

—-.—-——---‘·

77796777. 9 77977997 ,9777 79 97 7799777. 7 777 9959 79779 956
7,7 79 77’ 799 79 77 79. 79 9’999 466
777 79 77 999 91'04 177119 9799 667
97777 77 999 77 79 97777 9’799- 666
977 99 77 999 77 57 97799 9’999 166

17791990 73086701 -1-38811530 1731779110 721 7,56Ο’,-1-38196696 ἢ
99 777 · 7911 79 77

977. 77 79959 7799 97777 7995 6166
97799 79979 7799 97799 7955 6666

 

