Tabulae X. 86611. 6 Arietis.

, 1166161. 6 9⁵⁴³ 6696 16616 566 1166161. 1 16615111 16116616
161. 16 9666 666 1116 16161 61111
6466 6ζὲἓὲ 3:23 616ὲέ ’13ζῖ6 {3:53

06666 9680 7,θὶ Dor-66 40,Πῖ 5569

1161111616616966 166166169 11611616 6 16611166 16619166 2
66161 16696 6666 661 11616 1661
nemos 12,867 22⁵3 192266 w 1837

1166116, 1 16616619166161666 1166166 616611691 16696661 1
161. 16 16661 6966 1616 11666 6116 ;
111. 19 ’ 16611 6666 1 19 11611 6161
66161 16669 6666 66161 11669 6666
61666 166611 6166 111166 11661 6111

1166166. 6 16619691166166669 1166166. 616661661 16619666
Auer. 13 13661 6111 161. 16 61661 6161
61161 19666 6666 ⁵ 616166 6666156
66166 19661 6666 61166 61616

1161 m. 616666166166111661 1161166 1 16661661 16661611
11 11 11 16 111 11
66161 66116 6ζ16 66661 663119 1161
nomes 22066 7,91 1900.oe 55‚251 1229

1765Jan. 0 16325,444 -1-26172561 17655611. 0 15858‚561÷222029.61 3
Ar. 10 256639 25,04 Λρῐ. ‚ 30.OE ’
16. 16 66666 6166 111 19 66166 ,,
00627 35,127 24,04 00627 58,865 a:
Dea& 25‚02⁰ 23,ss Deafifi 58363 · ⁶

1166161. 1 16666696 1611111166 1166161. 61616616166161611
Apr. 10 28‚292 4066 651110 ΞΜ 1171

111. 19 66666 1666 1 . 19 6661 1691
06667 ἲ8,088 4036 0092? 2552 4963
Βθῦθθ 271990 4⁰,oe Dec-66 2686 49,oe

1161111. 6 16661666166116166 1161116 6 161666116661159
Apa-1 61616 6169 16616 6661 613
111. 19 61166 6161 111. 19 6666 9⁶¹
66161 61699 6161 66161 6616 9⁵⁴
66666 61666 6166 61666 6661 ⁶³⁰

11661166 16661696 Ἰ1661611169 11661111. 1 1619661166616191
,46610 64618 14,75 Apr. 10 9616 2616
111. 19 61661 1161 ΙΙ 6661 1616

06127 64698 1564 06127 9300 2311
Dea& 84,1⁵o 1537 116666 9329 6161

1169161. 6 16661666 166166666 1169116 616116661 16661161
61161 333ss ἓξὲξ 6611 6166 663
06161 61611 6666 66161 16666 1969
96166 61691 6166 1. 66 16666 6167

 

