Tabulae X. 83341. 0 Lyrae.

7737777· 347 87874773 ÷44044471 17601411. 7787844743 73837877
7477710 29 294 57 58 Apr. 10 48246 2889
8178 {3434 443 444 878 434
37733 73733 3373 34733 43737 7777

17611777. 0182881886 -7-8884 2,47 17611477. 0182850807 4888712886
7177710 81880 8,27 177710 50880 2876
Jul. 19 81818 4,04 1771. 19 50,447 2261
03227 81801 4,78 04427 50889 2181
03766 81,278 ' 549 113366 ’50426 2185

17521377. 1182888815 -7-8884 8,02 17621377. 0182852442 448441491
7177710 88288 8,70 7177710 52482 2880
Jul. 19 83,957 9,88 Jul. 19 52525 2885
03227 88220 9,91 00427 44572 2296
113366 88,179 10,48 1137766 62628 2268 ,

7733 777. 3737333777 7333473 73 7733777. 8737334 334 73334773
7777ο 33777 73 37 77773 34337 7373
77. 73 33773 73 37 777. 73 34747 7377 ,
03. 77 33777 74 73 ο3777 34733 7773
37733 33777 74 34 377. 44 44 444 7437

7734777. 0149447,049÷444417,44 1744 777. 7737333737 73334737
7773 4:44 424 77 4 4:34 {2⁷:43
07. 77 33737 77 33 004. 77 37747 7777
774733 33777 7773 113366 37 733 7777

17551377. 0182888,877-1-888420,48 17658377. 0182859117 -7- ’
777 7777
ouem 44'447
1137766 88 624

7733747. 7737347374 733347737 7733777 0
477710 477777 7773 1p410 1‚417
43337 7734 777 73 7’433
07777 43434 7733 07777 7’373
Dec 44 40,444 7337 37733 1'441

n———-.

7737777. 7737347433 733347373 7737777 37373 3373 73334333
7.,,7 773 47433 7373 777. 7ο 3777 4777
77. 73 47 333 7737 777. 19 3737 .
07777 47333 77 49 07777 4494
174464 42297 21, 17 713366 4724

17588777.0182844,889-7-888424,20 1768J44. 77373 3743 73334434
71777. 10 44801 28,45 Apr. 10 5,772 4584
441 73 44733 7733 77 73 3734 ⁴⁶⁶⁴
07777 44747 77 33 07777 3’377 4736
37733 44773 7777 37733 3’377 4747

7733 san. 3737343 734 7333474 73 1709944 77373 7444 73334747
7177710 46,286 2880 1177710 7,855
777. 19 43773 7743 77. 19 7733
ο377 43773 7773 3777 7737
03366 46,214 20,84 037766 7842

 

