1441414414. 84411. 14 Capacem.

4444444 491147 444 -4 8441444 4444444. 4414111444-4144444
Apr. 10 47802 8856 Apr. 10 18864 5734
444 44 44ζ4ο4 4444 444. 44 44 444 444
44444 44 444 4444 44444 44ζ444 441·
44444 44344, 4444 44444 44ζ444 4444

17515411. 0 20 850,720 -18152188 17611411. 024 422017 -18184391
14110 50,695 20,74 Apr. 10 22068 4934
Jul. 19 50 661 20, 14 1141. 19 22127 493.
04127 50, 617 19, 59 041 27 22192 5019 7
044466 50565 19,09 04466, 22265 51140

1752144. 120858828 -1815 885 17621441. 020425,579 -1818100
Apr. 10 58865 889 Apr. 10 25856 4444
Jul. 19 58Ιδα1 1141. 19 22787 4044

789

04127 58 727 04127 25824 411437
04166 58847 Deest· 25816 4071

17581411. 020857Ηο18-18145727 17681414 020429,228 -18138033 1
Apr.10 56829 5784 Apr. 11 29817 803. ³
144 19 56840 5689 1141 19 29818 8031Ὶ
04127 56746 5682 04127 29811 801. 4
04166 66847 5682 Dee. 66 29811 800

ψ..-

unffi 444 4444 -44444444 174414444444414-1414144

444. 44 444ζ444 44ζ44 444. 44 44444 44 4
8111. 19 59815 4687 141. 1 88,117 19

04127 59,711 4687 1 4 82216 1831
044466 59805 47,18 04166 88815 1444

17555414. 0204 2979 -18148672 17651444. 0444436440 1818838 .
. 8784 Λρτ. 10 86,717 744

8782 Jul. 19 86811 742

8786 04127 44441 45?

8886 044. 66 86887 44·

4444444. 4444 4444 -44444444 4444444 444 444444 -444441
. 44ζ44 44. 41 44444 441

44ζοο J. 44 44444 44.

44ζ44 44444 4οζ444 444

4οζ44 11444 4οζ444 441

-44 444444 4444144. 4 44 444414 -4444444

4 2087 14111 48870 i.

‚ 2119 4444 44ζ444 ,4

. 21’44 44. 44ζο44 41

. 4444 114444 44ζ444 11111

4444444. ο4ο444,ο44-444414,44 4444 44. 144441444 4444444
444441 44ζ444 4444 444, 1· 44ζ444 441

44144 41ζ444 4444 4144 44ζ444 444
44444 44ζ444 44ζ44 44444 44ζ444 44,-4
44444 44344 4444 44444 44ζ444 44·

4444444. 444444444-4444 444 4444144. 4444444144 141214‘424
4444 444 44 444 444 44
44444 44444 4ζ44 444 44344 1411
44444 44444 4ζ44 44444 44ζ444 1141

 

