Tabulae X. 89611. 296 capricorni.

9966996, 9919166999 -6919199 9966 69, 1646100 -98919169 ³
999 999 99 99 99 69
’66199 96999 6196 06697 99666 66199·
nec 66 66966 61229 »0266 99996 6696

17617919. 0 20 414 616 -18174119 17617919. 060 446668 -151666 ,
Ap.r A10 14,190 40 ,64 Apr. 10 466oe 89
Jul. 19 14166 3994 Jul. 19
06127 14,118 89, 39 Oct. 27 46733 973
Dec. 66 14,061 88 89 09666 46806 1008 1

17527111. 160 417,423 -131728,73 17627911. 0 ffl 449164 -1315595
Ap.rlO 17,366 68,67 Apulo 4938159931 ,
7111. 19 17,299 67, 87 7111. 19 30 093 “
061 67 17 ,666 67, 64 061. 67 49370 ⁰ 17
Dec. 66 17,146 27, 27· Dec. 66 49, 461 0,431

6969969, 066420617-16171702 1766166160466-616663776
Apulo 96999 6696 Apr.·1 9911·1
961 19 96999 9669 9611 19
0627 96956 16⁵6 062⁷ 69666 1336 1
996666 96996 16 66 99666 99969 9969

17547101. 0617469628 -1317 6,,63 17647411. 1217466470 -131539,41 p
Amo 99996 699 Apr.·1 66996 9999
7 19 23,3 23 6,40 711119 56671 3303
06167 23619 6,60 06127 ,66,Πο 1
09666 23118 6,87 09666 6686937313

1766796 60426492 -13166643 17657911. Ι606 0,179 -18162739
Apr.10 26886 6676 Apr1· 027 6 4743
7111, 19 26282 6713 761. 19 037 0 9 40973
06167 66180 67,67 06167 0,460 4313
06666 26,080 68,07 06666 0,646 4533

17667999, 1204211466 -131647,66 1766796, 0606 3,860
Apu A1o 29 ³‚58 48 ,09 Apr. 10 3944

71919 69266 48,68 7111. 19 4,021
06167 29178 49, 36 06127 4,096
999666 29'096 ⁵0,oe 996666 91699

17677919. 060 486466
A.pr A1o 363 88

7691. 19 36317

061. 67 36, 663

Dec. 66 86197

17687911. 0 60 436 660 -181631,76
Aprlo 86, 611 82,64
761. 19 86 471 38 ,36 761, 19 11068
06127 36 441 84,10 06127 ’11066
noc. 66 86, 418 84,87 06666 11067

17619196. 13204ἓὲζὲ -13162426 1769796. 60614410 18148640
pr..

Jul. 19 38, 746

 

