Tabulae X. 899911 α Canis 7777779717.

7779 san. o 6 , , 777. 7 66666767-16716167
7777. 76 7769 797 77777 76667 6797
777. 79 7769 666 777. 79 76669 7767
977. 77 7776 667 97767 76767 ,66
09966 1368 697 09966 26494 3337

7777 777. 6666 7977 ..7676 6,ο6 7767 777. o 666 79777 -76767766
777. 10 6976 666 777. 79 79667 6776
777. 79 6976 979 777. 79 79776 6766
977 77 ’ 6667 9,66 96 77 79679 ¹ 6667
7766 66 6796 1010 7776667 79696 6669

17721691 635 6463 -162514,26 17821677. 0 63532011
7177710 6393 14 63 7177910 32 087
177119 6319 14 93 1771. 19 32165
091. 27 6242 1615 09127 36244
09966 6162 1630 7099. 66 32 325

17731677. 0 635 6833 -162519,56 17831677. 0 63534942
7177710 6751 19,65 7177910 85 023
1771. 19 6668 19,67 1771. 19 86103
09127 6564 19,62 09127 36182
09966 6499 . 19,49 099. 66 36261

7777777. ο 66677777 -76767666 7767777. 7 666 67679
7177910 16067 2664 1177710 37,956
Jul. 19 11,004 2637 1771. 19 36030
01197 79976 7696 97777 66797
7776667 79677 7767 776766 66769

17751677. 0 63513514 -162527,06 17851677. 0 63546791-16255609
11.77710 13 ,437 2662 7177910 46856 , 57767
1771. 19 13, 364 2611 Jul. 19 40‚917 5708
00197 76 796 7666 001. 97 79977 6766
099. 66 13, 232 24, 90 7099. 66 41 ,022 5667

7776777. 7 66676697
777779 76 666
Jul. 79 76 767
977. 77 76767
nec 66 76696
7777767. ο 666 76 666 -766667 76 7767777 9 66676767

71777. 710 16313 3634 7177710 46453

09127 18,262 2671 09127 46473
09966 18,248 27, 68 09966 46472

7779777. 66667669

 

