l

33333. vm
3733.

uffa 1⁶93 3,...3 noga) 3.... ze

mwwwvwvww

77... 3 33755 33333. 33333. 33333 ·- ω 3633
33 33333 33333. 33373. 33733 33337 3337
73 33377 33333. 33733. 33333 37373 3337
30 93896 maso· 1‚0816· 1‚1876 &9134 ÷o,o7
3333 33333 33733. 33373. 33333 33333 3337

33 33333 33333. 33331. 33337 33333 3337
33333 33373 33333. 33333. 33733 33333 ..3,37
33 33733 33733. 33337. 33373 33333 3337
73 33333 33333. 33333. 33333. 33333 ..3,33
33 33333 33733. 33333. 33333. 33333 ..3,33

93686 03902· 13415· 03446· 93962 ÷o‚06
93845 033581 13068· 130463 93776 -1-“0,06
939016 931481 135571 lanza 93154 ÷0‚06
9,8200 9,7359· 1389637 1386137 93502 4096
9,8395 93442· 03826· 133903 93824 ÷o,06

33337 33733. 33333. 33733. 33333 3333

7.. 3 33333 33333 33333. 33333. 33133 3333
13 33333 33334 33333. 33333. 33337 Ἶ3333
33 33333 33333 33343 33333. 33333 3337

73. 3 33373 33433 33334 33333. 33333 3337

33 33333 33333 33333 33333. 33373 3337
33 33333 33333 33333 33373. 37333 ..337
⁸²³· 13 3&ss ξ’ἓῗὲῗ 1139 1713ἓὲ2 39ἔὲ3 ssss‘ssss
33 33333 33373. 33333 33333. 33333 ..337

Sept? 33337 33333. 33333 37473. 33333 3337
37 33333 33333. 33333 33434. 33333 3337
77 33333 33333. 33337 33333 33373 3333

037 33333 33333 33377 33333 33334 3333
37 33331 33373 33333 33333 33333 Ἶ3333

37 33330 mu 1‚1919 1‚o444 33334 ..3,33

Nm 33333 33317 13333 33135 33373· ..333
10 33733 33133 33136 , 3343 3333

33333 33333 33537 ..333

33337 33333 33377 40,oe

⁰·2439 ⁰‚8200 ’9,9808 4-0,οό
a 03661 03798. 13066 93925 3036
03710 offla 13987 03011 ιιι-030

 

