090919 v111.
1701.

1999 1999 uffo 303.» 1.... 19

wwwmww

1.. 9 99191. 99191 -699
19 99199. 99111 99911. 19199 , -999
99 99999. 99991 99199. 19199 , -999
30 &86592 o‚887⁵ 1081111 1,1877 , -0,00

1919 99991. 99199 19999. 19999 , -991

19 99199. 99991 19999. 99919 , ..999
111111 19919. 99119 19199. 99999 ..999
11 19999 99999 19999. 99199 ..9,99
91 99191 99999 19999. 99999. 99999 ..999
91 99919 99999 19919. 99999. 99999 -999

Aps. 10 07510 091857 191169 0911169 09362 -0,01
10 &am 034ae 130609 1911179 99776 -om
...13 3:333 3:333 3:333: 3333: 3:33 1ῑο
99 99111 99991 99991. 19991. 99991 -991

99 99919 99199 99911. 19191. 99199 .-9,91
sm 9 99999 99199 99919. 19999. 99191 -991
19 99999 99199 99999. 19991. 99991 -9,91
99 99199 99119 99991 19999. 99919 ..9,91
91 9 99919 99991 91991 19999. 99199 -991

19 99991 99999 99119 19999. 99919 -9,·99
99 99119 99999 19991 19199. 99999 -999
3 3333 333 3333 333 333 :33
99 99191 99999 19999· 9ζ9199. 99191 -9ζ91

9911 99919 99191 19919 99199. 99919 -991
11 99199 99999 19991 99199. 99919 -991
91 99919 99911 19999 99999 99919 ...9,91

911 99999 99919 19919 99999 99991 ..9,91
11 99991 99999 19991 99999 99999 -991

91 99999 99199 19919 19119 99191 -999
uas 99919 99999 19999 19111 99919 ..999
19 99119 99999 19199 19999 99111 -999
99 91919 99919 99999 19911 99911 -999
9119 99191 99999 99999 19999 99911 ..9,99

16 99111 oms 09216 19037 99001 -0,01
26 911620 08019 001639 lm 9‚9925 -0,01

 

