, 1880181111
1188.

heffa 11083 1080 1005317 laga Β

vawvwfflw

1.... 0 08188 08888 08100. 18088
Ι10 08880 08810 08018. 18180 ,
00 08100 08118 08188. 18111 ,
, 80 08111 08808 18818. 18818 ,
· 88810 08101 08800 18810. 18001 ,

10 08118 08111 18001. 08881 ·,
811111 08001 08111 18188. 08888 ,
11 08118 08110 18888. 08110
81 08801 08181 18880. 08888. ,

,81 08188 08108 18818. 08880.

06661 ’0,8292 1,2415= 0814618 ,
9‚6807 108420 1206ss- 0011610 ,
06999 08564 0155711 mlle„ ‚
07207 08709 130886· 0186110 ,
07419 ’08848 0982518 1339011 ,

08880 08088 08811. 18180. ,
08801 08010 08880. 18080. ·;
08110 08008 08101. 18081. ,
08888 «08100 08811 18088. ,
08811 08008 08101 18888. ,

08118 08011 08111 18801. ,
08801 08010 18888 18110. ,
. 08088 08808 18108 18888. ,
08180 08818 18801 18888. ,
08181 08118 18888 08188. ,

08888 08881 18818 08118. ,
08181 08811 08181. ,
88818 08800 08001 ,
08800 08118 08888

08811 08881 08010 ,

08181 08088 , 18111
Noas 08888 08010 , 18118 ,
18 08018 08808 , 18100
18 08008 08818 , 18818 ,
1088808810 0810881880 ,

16 00669 09166 08096
06 00196 09161 0079118 mose
96 00624 09171 0618718 mss? ,

 

