Tabulae X Seot. 11 β Virginis.

1113 1183 ”²¹⁰ 111311 331333

or.

113. 3363313313 -1331-133 -3331113113111331133 131313
1333333 3333 -131-131-3311111 33133131 313313
33133333 3113 -3,131-11,3 ..3331113 33133111 333333
33131331 3113 - 331-133 -331 1113 33 333333 133333

3331311313 3333 - 331 -133 -1 31 1111 33333333 313333

1113 33333133 133331
13 31333 3133 ..1333- 33 -1 31 1113 33 13133 133333

3131131,131311,1-11,13-3,3-1 31111 33 33311 111333
11313313 13 -1131- 13 3 31113 3313331· 331333
11 3131313 33 -1131- 13 3-11113 33113111 331333
31313313 33 Ι.11333 33 31 -1 1133 33113331 311333

l 1131 33113331 33333331

1311331313-13 -1331 3 33 31 -1 1131 33133331 3333333
13131313- 3,1 -11,3333,131-1 1133 33333113 3313313
1331313 - 33 -1133313 31 -3 1131 33133313 33 33331

113313131111-33 -1133 3 33 31 -1 1133 33333311 3333331
1331331- 33 ,13313 33 33 -1 1133 33333331 3313313

. 1131 33333113 3131133
3331333 - 33 - 3313 31 33 -1 1133 33331333 3131333

131. 331373- 33 - 3333 33 33 -1 1133 33111333 3111311
1331313- 33 - 313 3 33 33 -1 1133 33133333 3331333
2941284- 83 - 8‚14÷ 53 31-2

111 3131,133..3,1 - 133 3 33 33 -1 ,

191111Ξο1- 7,3 - 1119 ÷ 4,7 133-2 Diei reducto addendum 3111
11211171111117111111111

18310362 - 13 - 6114 1,5 324 post

33 101947- 33 - 633- ο,1 31 -1

3311133333 31 - 331- 13 31 -1
11333333 33 - 331- 13 ο 3 ·
31313313·3,1-3,31-3,1 ο 3 ·

331 1113133113 -133 - 33 -1 o

113133113133 -3,13-11,3 -131

27,31,512 33117 - 9‚97 -113 -2 41
1331.3,11,133311,1 -1133 -133 -131
13 13333 3113 -1331-133 -331
33313333333 -13,11-13,1 -3 31
nec„ 3116083333 -1133 -313 -3 33

16 3233113833 -1930 -213 -3 ÷2

26!÷s‚272!÷ss‚0 -3133 -313 -3 33
33 33333 3313 -3333 ..333 -3 33

113 mm Jan. 11 Febr. 1333111111 binextorum legitur diu 1113331113.

 

