Tabulae X 33441 α Canis majoris.

443334431344333 -48383133 4433344. 4 83131333 -4’34’44’3,43
44443 846'646 3843 43443 33334 4433
344 43 3334 3333 38. 43 33343 443
34. 34 3334 3444 34344 38344 44 44

Dec. 66 8,646 8522 113366 88,871 10,42

17511344. 0 68411291-16288918 ΙΙ7611343 0 68486,004-162414,92
413410 11279 89 97 Apulo 86,(88 1428 “
1441. 19 1125 8 40,78 1481. 19 86,079 1859
03127 11281 41,46 ΙΙΜΤ 86125 16,oe
Dec. 66 11196 42,16 Dec. 66 86178 1245 .

4434344. 433443333-43334343 44331344. 333433334-43444333
44443 43, ’343 43’ ,33 Ap 443 33, 333 4333
34443 43434 44 43 384. 43 33 334 4334
34434 43444 4334 34444 33 333 43’33
344. 33 43 333 43, ’33 666 33, 33 333 4343

44333443 33443343 -433334 33 4433 344 o 33444 343 -43444334
444. 43 43434 33ὀ3 444. 443 44443 4334
,344. 43 43433 3333 344 43 44333 4344 ,
34434 43443 3333 34444 44333 4334 .
34433 43343 3433 66666 44343 4834

4434344. 3 33443 444 -434333 43 4434344. 4 33444333 -43444344
Apr. 43 43’ ,333 33, 4ο Apr. 43 44343 3334
344. 43 43 333 33 33 344. 43 44433 3314
34344 43 ,443 33, 33 064. 44 44, 333 4343
34433 43 333 33 33 34433 44344 3333

113310 20, 978 ἓξὲξ

Apr. 10 47 614 2811
144119 47 691 2814
. 2,84 Oct. 27 47, 766 2888
1134466 20 728 228 Dec. 66 47 889 2928

4433344. 4 33433334 -4344 333 4433344 333433433 -43443333
333 4444. 43 33333 3334
333 34443 33333
3,44 34344 33333
433 344 33 33 444

17651344. 0 68421058 -1624 ἶΙΙ141281 0 68447 584 -16242785

44443 33333 343 444443 33 333 406³
344. 43 33333 433 344. 43 33444 414⁵
34334 33344 433· 34 34 33434 4434
666 66 33833 333 666 66 33 333 4468

4433344. o 33433434 -43344334 44333444 4 33433333 -43444343
444410 33, 434 43’33 4444. 4ο 33, 434
344. 43 33333 334 344. 43 33844
04334 33333 334 34444 33333
4444 33 33334 443 4444 33 33333

17591344. g 684ἓ3,ἓὲ8 -16241222 17691344. 0 68458879 —16245323
8813 33 338 8888 848 88 88888 ’
03227 §0651 9,76 03827 58,871
113366 60654 8,94 113366 58858

 

