'rabulae X. Soet. II. α Orionis.

8778 888 8 84347888 ÷ ‘6604642 87884888 8 84888874 ,4181 688
666 663 66 66¹6 {63⁷6 ·
68887 44448 87’88 88877 88888
88888 84888 8888 88888 88787

8778888 οΙ 84847888 ÷ 76066‚10 8788788 o 84888888 ÷ 778 488
8888 47 884 87 48 888. 8-88 88 878 48

J 19 47 888 8877 88888 16'660 888
88887 47 488 66’16 88877 88 747 .
88888 47 878 8884 88888 88888 ,“

87788888 8 6426064147606761 1-7821mo 84888888 ÷721766
888 88 88888 8888 8,»8. 88 88844 7888
888. 88 66‚466 8888 88. 88 87888 J
88887 88878 66'06- 88887 78884
88888 88874 8874 88888 88488

37,08 ’.48810 25,741
J.19 53,350 36,93 16619 25837

00627 53,248 3685 06627 25333
08866 53146 36,84 Danu 26,οΆ

38, ’37 Apr. 10 29332 4οι44
38, ’50 Jul. 19 29, 421 1⁰4os
38, ’71 Oct 27 29, ’506 2874
38, 99 Dec-66 29, ’587 9844

48’ 88 846 88 88888 875
48 87 ο8887 88888 75
4210 88888 88878 8-62

1776¹.Jan 8 848 8888 ÷ 76066,69 8788888. ο 84888887 ÷ 78885
888 787 888 8787
08857 4049 46’66 88887 66'469 61³
88888 8888 4887 88888 66'466 54

848 8888 ÷ 7888888 8788888 8 64646’99097217⁵⁴
p. 52833 Apulo ⁶¹7¹
88ζ87 88988 ,’

88888 8488

54,79 ⁰6666 42696

8778888. 8 84888848 ÷ 7888888 8788888 8 88848884·Γ 788 548
888 88 88 874 8878 888888 88888 541
788. 88 88787 8788 888 88 48888 ⁴⁵⁴⁷
88887 88 748 8684 88887 48888 44
88888 88888 8887 88888 48884 444

 

