'fabula lx„ mm. ,

“ vatam quantitatum 5511 pro 71151111 Mu.

Septembot. Α october.

1155 1155 1,...5 ,1.,5
1755 1155 1759 1159 1755 1555 1755 1155

515557 15559 9,9917.5,5911. 15555 15555 95551 95555
lim 1,2369 057681155761. 1,2654 1,2654 &4169 (Min
113396 1,9397 0558111955715 126ss 13644 04707 05710
Sim 1‚2425 0,838810,83769 1,2682 136ae ⁰‚5184 05187
113149 1591450 051751105168· 1,2519 1,2019 05614 0‚6615

515175 15175 5,7951.9,1917. 15555 15515 55595 55591
515197 15195 5511195711. 15559 15519 95155 55559
715515 15519 55175. 57155. 15571 15571 95555 95515
515559 15519 55555. 95195. 15551 15551 55995 95995
915555 15559 95915. 95917. 15551 15551 55175 55175

1515575 15577 55515. 55511. 15515 15515 55511 55519
1115591 15595 55191. 55151. 15199 11191 55759 55759
1115557 15555 55951. 55911. 15155 15151 55915 55511
1515511 15511 55511. 55551. 15111 15111 55111 55115
1115551 15555 55111. 95199. 15111 15111 55151 95151

1515515 15515 95559.. 55515. 15555 15155 55551 95551
1515555 15555 5,1517.9,1571. 15555 15555 95511 55559
155555555
1915575 15575 9,1557.5,1559. 15155 15157 99555 95555

1515555 15555 55755. 55751. 15119 15111 95511 95519
Δ 1115555 15557 95155. 95151. 15151 15155 55551 55559

1115559 15559 95955. 95955. 15115 15111 99595 99595
1515595 15591 955551 95717. 15191 15155 55915 55911

5415690 15595 95559 95911 15559 15955 15975 15571

1515559 15559 95515 95515 15911 15915 15155 15991
1515595 15557 95155 95155 15951 15955 15515 15515
1715551 15555 95959 95911 15919 15919 15111 15111
1515511 15577 95975 55955 15555 15579 15557 15555
1915571 15571 95557 55111 15515 15515 15557 15551

15555 15555 95551 95555 15751 15751 15771 15715

5115551 15551 55159 95175 15755 15797 15571 15571

³2 1,1647 1,1649 1‚oe72 1,o970

 

