Tabulae X. Soet. Π. β Tauri.

1772 111 2 51117 222 122222827 1722111. 11122171718111121 ,
Apr. ,10 47 256 26,16 11111210 22806 1151 .
111. 12 17212 2521 11112 22272 1277 ¹
21127 17’ 166 2122 21127 22217 1222
1111. 22 17,1ο5 2222 Dec.66 22222 1221

17711211. 0 51150807 -1-282328,06 17811211. 051226,783
Apr. 10 50 840 2783
111119 50 765 26,64
021. 27 50, 681 26, 00
02266 50889 25,40

17721217. 1 51154402 -1-282329 57 17821211 0 51280812
1111210 54805 29,01 Apr. 10 31,019
111119 54803 2882 1111. 19 31128
02127 54,096 28,09 021 27 81839
02266 53884 27,73 02266 81852

1772111 2 51157222 ,122222121 17221111. o 51225222 ,12221112 r
111. 1ο 57, ’222 2112 1111, 1ο 25212 2211
111 12 2125 111, 12 22222 1111
21127 57152 2122 21127 25125 1211

·Ῐ,1111122 57222· 21ὀο 111122 25512 7211 ¹

17741211. 0 512 1,1155 -1-28233489 17841211. 1 51239891 -1-28243133
pr. 84. 95 Apr.10 89, 401 8133
Jul. 19 0,918 84 99 11119 89806
02127 0,803 85,11 02127 39 608
022. 66 0 691 35, 31 022. 66 39, 705

17751211. 0512 4,509-1-282339,19 17851211. 051243,455-1-282435,10
1111210 4899 89, 44 1111210 43, 549 3460
11119 4296 89 76 111119 48836
021. 27 4,198 40, 15 02127 48,716
022. 66 4,106 40,61 02266, 43888

1772111. 11512 7217 1222211112 1722111. 0 512172171222127211
Apr 12, 7222 11, 90 Apr. 12 17615 2117
111. 12 7752 1512 111. 12 17 272 152·
211. 271 7222 12, 27 211. 27 17’ 722 151·
022. 66 7, 622 46, 74 1022. 66 47, 761 8441

1777117110 51 1211428 -1-282350,46 17871211. 0 51251831 -1-28243351
Α.710 11869 51,15 Ar.10 51,564 3731

1171. 19 11, 825 51,87 1171. 19 51, 587 8701
021. 27 11 ,191 52, 68 02127 51, 599 8621
02266 11,268 53, 42 Dec 66 51 ,600 35.

1772111 2 51215252122225722 1722111 1 51255222122712212
111. 12 15 212 5722 111. 12 55277 117 o
111. 12 15225 5212 111. 19 55 221 ,9
211. 27 15Ϊ211 52’ 52 211. 27 55, ’221 2711

02266 15,057 24 084 022. 66 55,296 313Ξ

17791211. 0 51218882 -1-2824 400 17891211. 0 51259892 -1-28244017
Apr. 10 18855 4,81 Apt. 10 59,047 .
Jul. 19 18883 5,61 Jul. 19 58,992 =⁴
02127 18831 689 02127 58,923 · ⁸
02266 18888 7,15 02266 58854 ·

1—ss

 

