Tabula vul.
1003.

lm 1003AE 1103ss bow laga Β

.υννννννννυνννσννννν

1.... 9. 99919 99119. 99999. 19999
19 99919 99919. 99919. 19199 ,
99 99119 99999. 99191. 19119 ,
99 99919 99919. 19919. 19919
19919 91919 99991. 19999. 19991 ,

19 , 081191 820981 08970 ,
Muti ‚ 082091 uma· 08867

11 , 082891 826821 08181

21 , 082861 186901 987961 ,

81 , 081961 826191 08691

091211 821161 081171 ,
(890191 820681 8111171 ,
088961 186661 181181 ,
087611 808861 188621 ,
086281 088281 828911 ,

99919. 99119. 19151. ,
99111. 99111. 19999.

99999. 99991. 19991. ζ
088101 08661
99999. 99191

081181 08116 ,
081881 ,1,0888 821681 ,
086761 18196 186611 ,
086601 18809 806821 ,
087811 18289 081821 ,

99119. 19919 99199. ,
99191. 19991 99191. ,
99199. 19991 99991 ,
99199. 19911 99999 ,
99999. 19191 99919 ,

99119. 19999 19111 ,
99911. 19911 19111 ,
99191. 19199 19999
99919. 99919 19911
99999. 99191 19999

087681 08980 18087 ,9808
99119. 99191. 19999
0871611 081781 8987

 

