9999198111.
1847.

1799991 Log. Β Log.C Log. D Lnga 11

mmmmm-‘ww

99799 99999 999959. 99999 -00 46,oe

99599 99997 999696 99799 99969 9902
99956 99995 997996 99997 99979 ,
99969 999996 99979 99999 ,
99975 995696 99996 99999 ,

’ 99999 999999 99979 99959 ,
99999 999996 99979 99999 ,
, 99999 996996 99999 99999 .
s 99999 996996 997996 99999 ,
99996 996996 996996 99995 ,

, 99996 999956 999976 99969 ,
” 99999 999696 999996 99776 .
99999 995566 999996 99959 .
99999 999999 999696 99599 .
99599 999999 999996 99999 ,

99597 999966 997596 99999 .
99659 999696 999796 99999 .
99699 999996 999696 99667 .
99695 99599 999996 99995 .
99669 99999 999996 99959 ,

03618 03190 135999 93878
03547 13840 13167 n 99585
03468 19197 195499 93787
03878 19810 1368079 93980
03801 13940 034999 93164

99999 99599 999656 99999
99999 99665 999596 99599
99996 99699 99999 99676
99999 99579 99699 99999
99999 99995 99999 99996

, 03411 19990 13441 93184
” 03518 19894 19418 93976
03615 13470 13098 93414

03705 03996 13578 93547

03774 09968 13879 93677

99995 99996 99997 99999
99999 997999 99957 99995
99799 999796 99999 99999

 

