Tabula v111.
183².

5505 55057 5500 0075 141 5

wwwwwm

151. 1 08680· 08885 omn 08989 -ω
11 0801255 omo 0806655 mm &4³62
21 02277 n 0‚8084 0972255 08426 07878
81 ml· QM &0812- 1‚1879 09184

rebam 9,(ΰ981 07717 01569· 01096 00888

50 09755. 05555 050957. 09975 05555
55055 05755- 07959 05555. 05559 05555
55 07575- 07559 55595. 05555 95555
55 05555. 07550 05590. 95750. 07595
55 05590. 07557 05559. 05555. 95905

Apt. 10 masma 07156 0241555 om· 04868
5 555 555 550 555 555
Μ55 555 555 5555· 555 555

50 00770 07575 05555. 55755. 05555
su 9 05555 07507 055555 05970. 05505
07595 09055. 05055. 05557

07557 05575 55055. 05555

07555 07555 05555. 05550

07555 09555 05005. 05575
07055 50550 05557. 07555
05555 05595 05550. 07757
05550 05509 00555. 07950
05554 05550 09550. 05555

05555 05559 07557. 05555
, 05975 05555 05555. 05555
, 05557 05555 00955 05575
05559 05575 05555 05555
05955 05555 09059 05955

05055 05950 00555 09555
05550 05555 05555 09575
05555 00559 05095 09555
05590 09555 55575 05557
505 07555 05555 07555 05579 09577

16 08107 06458 08281 08087 09808 ·
86 08888 06898 0078855 mose 09925
86 08555 06254 06478· 02988 00041

 

