Tabula vm
182⁰.

laga! Log.B 1103AE LogJ) boga E

WWQWWWW

89140
99588
99600
99852
ww

99199
99199
99991
99919
99191

99740
9,5001
99281
99579
99892

99919
99999
99999
99111
99191

99617
99825
99004
99157
99287

99898
99497
99589
9,8681
99779

99999
99009
99115
99191
99111

99606
ῑ99762
99912

09728 ’
09689
09628
09589
09447

09860
99191
99119
99999
99191

09821
09402 ,
09497
09594

¹ 09685

09759
09810
09885
09880
09797

99119
99991
99119
99199
99999

09881
09292
09286
09814
09871

09452
09544
09687
09719
09779

09812
09812
09780

09067 11
09723 ι
1981211
19569 11

lma
19488·
1963211
1969011
1961911

134151
1306811
1955611
19885 11
09822 ι

09838 11
09867 11
990861
99511

09286 ’

99119
19999
19196
19999

19919

19519
19664
19688
19572
19824

11999
19999
19199
99199
99999

09229
09740 11
09474 11

112790 ’ ‚
19199 ,
19919 ,
19995 ,

99911 ,

99999
99191

9976411 ,
096281 ,

2844?-

1904811 ,
191189 ,
198621 ,
19891· ,

197511 ‚
19969· ,

1906111

19991. ζ
1988211 ,

196191 ,
1‚2167a ‚
1,1550u ,
196811 ,
09430· ‚

0‚7467 11 ,
094581 ,
09911 ,

09688

99919 ζ

19111 ,
19119 ,
19999 ,

19578
19879

19087

19999 ζ
19919 ,

16,οΙ
9091
,1091
9091
90,οΙ

4-0,οι
199
-1- 0,οΙ
÷⁰=⁰¹
4⁰,01

0,oe
999
999
999
999

999
999

 

