Tssfflqsskcmmmm

-Valom quantitatum 011 D pro singula 11131111.

Augustus.
11000 lugd)

1750 1850 1750, 1850 1750 1850 1750 1850

000003 00117 130131130131 10330 10333 100331 119001
100583 001611 10101311 1001211 10628 1962ss 1,21Ὡ611,1’010’0
8015080 001045 1000171 10111Ὀο 101713 1,0718 1091811109150
300113 00130 100331100371 10300 10303 103331 10311
100773 00700 100731100711 10331 10333 103131 11001

300111 00130 100331100371 10033 10030 1073011057Ἰ
300110 00137 100111 100101 10013 10013 10303110301
700703 00711 100131100111 10110 10131 1031111001
,300073 00030 100031100031 10103 10107 1033311001
900824 00239 1,2883111,888111 10261 mm 1017911101750

10 00130 00171 103311103301 10333 10333 1010111301
1100333 00303 103371103331 10300 10103 1031311100·
10 00301 00003 103131103111 10133 10137 10311110071
13 00001 00103 107371107331 10313 10310 1013311030
1100131 00103 107301 1073311 10333 10330 100331111θο1

13 00133 00173 107311107101 10311 10317 100771 100701
’10018637 00008 107001103001 10700 10703 103331 108791
1⁷ ο18802 018812 106001103071 10733 10737 10733. 107311
13 03030 00030 103331103311 10301 10310 1031311033οι
10 00111 00110 1030111 103001 10333 10330 1030011050π

30019256 0‚9²6⁵ 1005110301 10007 10000 1017111001
1100303 00103 103131103131 10031 10033 103301 100511
13 00313 00333 101301101371 10000 10001 101111 101371
13 00337 00333 101131101131 10013 10013 101111 10001
1100730 00733 101031101011 10033 10033 0000110990·

13 00000 00007 103311 103301 10133 10113 0033310005811
1310011 10031 103171 103111 10133 10137 007131100011
1710113 10131 101701103371 10301 10301 0033110003
1310131 10131 1030110131 10333 10110 0013310οἓ9η
3010333 10311 101701 101371 10173 10171 0017οιιο9213ΙΙ

3010131 10110 101171 1011111 10103 10307 0011710οι111
31 10530 10536 100611 100601 10337 10309 0091710000
3110313 10313 100061100031 10337 10139 mamam·

 

