1110 044041 07266 060981 13999
10 068861 07121 080681 lm ,
91991. 3Ξο 19119 iffi :
1-’9919 &1925- 06416 016691 01094 ,

19 012491 06160120961 09971 ,
Muti 006661 06916 lam· 08267

ιι 19111. 9511119999, 95119

21 089761 06688 ,2690111 027821 ,

61 079201 06614 126191 066291

,19110 064141 06676 1,24161 084171 ,
3²3 ἓζὲἔξέἰ 39⁶⁵ae iffi: 11111. ζ
111110 06999. 06924 008661 018621 ,

20 07617 06042 0,98261,1,26911 ,

80 09610 06124 086691 127611 06126
Jun- 9 00746 06166 068691 029691 06406
19 01867 06126 090601 060611 06667
29 02747 06029 06668 060861 06916
191. 9 &sm 06856 07264 ’ 028821 07160

’6 668679 8616 8668 19191 ζ
1911 91951 9Ξι959 ιἰι95 11559. ,
11 95119 ι’1199 919919
11 95599 19119 99191. 99199

9911 99191 19519 99191. 99919
113ῑὲ19 ‘⁸ 681 360· 31191 ,
⁰“13 3:222} 6ἓέ1 39313 366 3

11 99759 ι,ι999 19111 99191 ,
1111 99919 11999 11111 99919 ,
19 91991 ι’9191 19991 99111
99 99959 99991 19511 99541
Deae 99199 01158 13880 296⁷? ‚

19 99955 99191 19911 ,
1991191 , 99199, 19959 , ·

19 9999 9999. 99991 ,

 

