Tabulae X. 8111. 11. α Lyrae.
Ι

1771111. 111119 1115 ἢ1111111119 1711111 1111111191111111111
11111 9111 5711 11111 11911 1111
111. 19 9111 5111 111. 19 11915 1111
1117 1117 5177 1117 11991 111
15111 1117 5111 11111 11115 1111

1771111. 1111911117 15515111 17111111. 1151911111
Apr. 10 11‚79s
111. 19 11711
11117 11711
91166 11668

17721111. 1182918709 -1-88 88 6,79 17821
Apr. 10 18‚658 7,18 p
Jul. 19 18605 7,19 Jul. 19 sam
01127 1s‚549 7,78 01197 sm
91166 1³,489 7‚89 91166 831194

1771111 1151111511111151117 1711111. 1151111111 11115111

Apr. 10 15,477 10,78 111110 85664 1111 y
111119 157116, 10,81 1111. 19 86625 1168 1

01127 11858 10,77 01127 851385 2181
91166 15,289 10,61 91166 81745

ἦΙω. 1151911111 1111151111 1751111. 1151911751

111111 11175 1111 11111 11511 ,

111. 19 17111 1119 111. 19 17171 ,

11117 11151 1177 11111 17111

91166 17,089 12,87 91166 87,979 118)
1771111. 1111119119151111111 1711111. 1111911991111111911 1

p 1111 11111 11111
1189 Jul. 19 10091
01127 18,969 18,83 0012? 40‚185 8111
91166 18,918 1890 91166 10,176 819

1771111. 1111911911 Ἶ1151511115 1711111. 1111911191111111111
11111 11911 . 1119 11111 11111 11·
111. 19 11111 1191 111. 19 11111 111
11117 11111 1115 1111 11111 311
11111 11799 1119 111111 11111 111

..— .--——-——--—-- ψ-.-

1171111. 1111911111111151119 1117111. 111111111111115111

111· 1 1111 111 11111111 11
11117 11711 1111 11117 11179 1151
1111 ¹ 11111 11111 1111

-d

1175111. 1151911711 1111511117 1715111. 111191111111111111
11111 11771 1151 11111 11111 - 1179
111. 19 11711 1171 111. 19 11111

1111 11111 11191
18,18 91166 16878

--

0

111 1111911119 1311155171
1111 111 11 111 11
11117 11511 11ζ11 11111 11111
111111 11171 1111 11111 ,11191

‚ 1
1

 

