’1967719 VIII.

· 1779.

1⁶31 1„ng uffo 1„ng ιαμ ε’

w-‘WWWWW

Im. 0 9501077 0,07887 0,51097 1,9998’ -ω
10 ι3944857 omo„ om· mse

99 99997. 99997. 99799, 79999·

, so 99999 99799. 1220814 99977
Febr-9 997487 088501 1,15707 1,1098

19 991817. 0,88597 lm· 0,9969
Marti 9‚16oe· 0,495877 mss· 0,8965
11 9088877 045817 196897 0,5189
91 900987 0469677 1969077 9989577
81 891851 0,47577 136187 0,956997

Apr. 10 879577 0,479577 1941577 om·
20:860222 0‚4619· 190687 1,1714777

80 8,179777 0,445977 1,15567 1,11197
0,4975ι 1,(18861 1,186177
offla 0,98947 mm·

0‚3969n omn imon
089187 0,5875ι Im„

089697 990887 1,.806177

99]. 99 99979
99 99999

80 88917
Iun. 9 90554
19 91775
99 maz
Iul. 9 98504

19 94183
“ 29 9,4648
Aug. 8 95078

8 388

sept? 99999
17 96189
97 99999

oa. 7 99977
97 99777

97 96987
Nor. 6 9,7119
16 9,7451
96 9,7701
Dee. 6 9,7955

16 98908
96 98459

8698680

0,419677 (18556
0,48767 (17999

0469177 0,9114
050877 16886
0,588577 1,1194
0570677 1,1808

0759839 122239

0,690177 19519·
0536&- 19664

1983

mem·
191697
1,15597
meua
0,9488 ι

9,7977,
08460 n

(1648777 19689 0,0904
(1645877 19579 06688

omn 19894

99917. 9,7999
99999. mm

09020

Im
1,1414

0805177 1,0467 19099

0598177 0,9991
(158547 0,7954

058ss- 08911
089197

99579
17880

18088

omn· 18056

060577 offla lass?

{5332

99997
99799
99979
99999
97906

sm
9,4776
95154
95509
95894

96194
96404
96667
96915
9,7150

9,7878
9,7585
9,7787
9,7980
98164

98849
98519
98676
98884
98986

99184
99976
99414
99547
99677

9,98ω
99995

...6,99
-0,05
-o‚05
...0,05
-0,05

 

