Tabulae K 877711 α Qui. '

1700 1180 ”²¹⁰ 777777 neam

8111101.

Μνννονν mxc-vv

777. 7-1777- 77 7 877 ..777 777 77777677787777 77171 8777

77777 77 7 7777 77 77 7777
7-777717 7ζ7 -2'24-2914 -1sss 7777 77777777
870779 -1,508 7128 - ⁵,13-28‚0 -2 4-8 gg} ἓξὲξ
7774777 7777 - 777 -777 -7 77 7777 77777777
Mun-1³59 ÷21‚⁷ -7777-777 -7 77 7777 77777777
77 -7777 7777 -7777 -777 -7 77 7777 77777777
77 -7777 7777 -7777 -777 ..s 77 7777 77 777777
ειν-7777 7777 -77,77- 77 -7 77 77877 {gggffigg
17777707077177 -7777- 77 -7 77 7777 77 ofnas
77577777 7777 -77777 7,7 -7 77777 77 77777
7077777777 -7777 7777 -7 7 7777 77, 77777
7777077777 7777 -7777 7777 -7 77777 77 77777
7ος77777 7777 77777 7777 -7-7 7773 3³21&ae
³0,÷1,799 7777 -- 777 7777 ..7 -7 7777 77778777
sun. 7777777777 - 777 7777 -7 -7 7777 77777777
7772707 7777 - 777 7777 -7 -7 7777 77777777
29178613 7218 - 085 7328 0-1
sut 7777777777 7 777 7777 7-7

1

28 1⁵‚6so
2828888
2840838
2852895
29 5,454
2917‚915
2930879

“ 2912845

7777777
7ο 7777
7777777
7077777
7077777
7077777
77 77777
7777777
77 77777
77 77777
77 7777
7777777

197-1-2878 7118 -7 683 7838 71 -1 0171770777 addendum 7717

29 78868 7 5,7 7 982 7328 71-1
Aug. 7177777 77 77777 7777 77 -7 anto

77 77777- 77 77777 7777 77 o 9⁰⁵²} ¹⁸¹¹·25 ζ 7ῗ

¹ 2³³÷29so-1o‚s 7777777777 77 ο

Sept„ 7 72818 -1571 72181 7288 72 70
17 72872 -197 72888 7198 78 71
27 72861 -228 72587 7158 7871
oce. 7 72223 -248 72681 7118 78 71
17 71867 -268 72786 7- 68 73 72

27 ÷1‚704 -268 72782 7 2,1 7872
Nor. 641,444 -25‚4 72787- 88 7873
16 71,197-28,7 72788 - 7‚9 73 7-3
26 70870 -218 72680 -128 72 70
Dea 6 70,772-18,1 ÷24,79 -178 72 71

16 70800 -118 72285 -218 72 71
26 70,787-10,1 72082-218 71 75
36 70709 - 58 71780 -278 71 75

ln 7777777. 177. et Febr. annorum bissextorum legitur dieu insequens

 

