Tabulae X. 555511. 0 Hercula.

5555555 54451959 55146 555 5550555 5 75155555 55159550
1543 4838 58 1513 848 48
5555 50550 959 ’0555 551545 11'91
1100136 10,869 995 95555 55555 5555

1771 Jan. 017 418815 -4-1440 481 1781100. 017489,618ι1·14897,75
5105510 13‚560 585 Apr. 10 89886 715
. 684 ,551 19 89757 681
6,99 ’ 00527 89882 611
780 ,175066 , 89810 570 5

1772150. 1174168115 41940 280 1782750. 017442812 414391117 4
Apr. 10 16‚042 887 510010 42892 069
858 8ῑὲ8 118 8158 8ξῖέὲ 38

05555 55509 455 95555 45955 555995

1779 555. o 17 418,557 ÷1439⁵9‚⁵9 5555555. ο 17 445555 55455555
1p1.10 18,972 5995 Apr. 10 45550 5559 (
555. 59 55555 10 ο,55 55. 59 45555 5595 5
ο555 55500 055 05557 45555 5595
05555 55554 555 05555 45959 5555

1774 500. 017 420872 -5-14895585 1784150. 117 448862 -1-14885082
405, 10 20886 55,71 Apr. 10θ 48‚789 5085
101 19 20808 55,69 Jnl. 19· 48812 5085
00627 20722 5589 00627 48882 5082
05066 20844 55,41 Dec-66 48848 5126

1775 555. 017 445599 414 595559 5755555 ⁰17451‚655 ÷11111⁶99
191. 10 95555 5045 Apulo ⁵1‚⁷11 11⁷⁷
111. 19 55559 5555 555. 19 ⁵1,775 1191
5555 95555 4959 05595 55555 1111
Dec. 66 28125 4985 05066 51878 w

1776 555. 5 17 495574 554 59 4455 5555555. 0171⁵9‚591 55455455
Apr. 10 55555 4454 191. 10 54550 459

. , 4550 111. 19 , 54555 ⁴1⁵3

‚ 4555 0557 54595 4549

‘ 4545 05555 54954 455

1777 Jan. 017 428827 -5-14898780 178
Apr. 10 55595
Jul. 19 28871
00527 28855
05066 28846

1778 111. 017 481‚077 ÷11s9³0‚17 5555555. 5 555 0555 55455550

· 455. 10 55955 5957 191. 10 0555 5592
111. 19 55957 5555 05. 59, 0555 4973
05557 51959 , . , 41⁵4
05555 55509

——...———-———

1719 san. ο 17 455559 411 59 5554 5559555 ο 55 5 5555 554555539
55 11 5555 515 5553 225 55
0557 55ζ954 5οζ55 05555 5595 19⁶⁶
Dec.66 55959 5955 05555 5555 592

 

