Tabulae X. 81114. 2111364111·

1151111. ,11411 11511 -14591291 11511111 1141191991 -1“5 11115
,19111 1911 1191 15111 91991 1111
111, 19 1111 1191 111. 19 11911 1995
1111 5991 1591 11111 91951 1199
91111 5991 1591 91111 11991 1191

1

1751 Jan. 01437 9928 -14593196 17611911. 0143740971-152 0,oe
Apr. 10 9921 3095 411110 40906 068

J11.19 9904 2992 11119 40949 196 ’

01127 9978 2996 00127 40999 206
01166 9943 2897 01166 440958 296

1159111. 1111119911-11591199 1111111. 1191119191-1511119
15111 11911 11991911 11191· 1119 ι
911. 19 19951 1191 111. 19 11911 1991 1

00127 12998 4216 01127 44938 2095
01166 12932 4194 09166 449420 2091

1151111. 1115111915 -11595191 1119115. 1191111911 -15 19195
19111 11911 5155 19111 11919 9119
111. 19 11991 5595 111. 19 11951 9191
11111 11911 5591 1111 11951 9199
91111 15911 5151 91111 11911 9151 ¹

1151911. 1111119911 ἶι5-11ο-,11 1111911. 1119151911 -1515991

11pr.10 19‚151 9,66 41110 519104

Jul. 19 12054 995 Jul. 19 51902 5491
01127 18954 898 01127 51,601 5594
01166 18951 795 09166 51901 5592

17553111, 0143722177 -15 02390 17651111. 0143754960 -15 31195
Apr. 10 22073 2390 Apr. 10 ⁵5‚060 1199
Jul. 19 21969 2276 Jul. 19 55958 1196
01127 21965 2237 00127 65‚253 1201
101166Ι 21961 2204 Deam! 55947 1219

1151111. 1119115911-15 11111 1111111. 1111151919 -15 91191

111119 · 11911 1199 19111 51111 1191
111. 19 11915 9191 Jul. 19 51911
11111 11991 1191 1111 51959
11511 11991 9195 91155 51911

ι-Δ-

11511111. 1111111919 -15 15151 1151911. 111111111-1511191
Apulo 27931 5249 Apr. 10 2287

· Jul. 19 27949 5251 Jul. 19 2353
01127 27973 5260 01127 2413
01166 27903 5295 01166 2465

1151951Ῑ111191911-15 1 191 11511111. 11111 5111 -15 55119

111110 30953 896 1411110 5988
Jul. 19 30997

01127 30950
011. 66 30911

1159911. 1119191115 -15 11191 1119111. 11191 9951-1511131
Apulo 11911 ρ, , 1195
111. 19 91951 , 0 , ‚ 1191
01127 34013 , . , 1111
1111115 91951

 

