Tabulae X. 833311 β Geminorum.

1770911. o 73133333 3333333633 3733 san. 3 73133337 33333313
Aps. 10 33337 3333 Apr. 10 33333 3337
33. 33 33333 · 3733 111. 19 43333 3333 3

001. 37 33333 3733 03337 33333 3373 7

Dec. 66 13711 3602 03366 49021 1910

3773333. 0 733 37333 3333333333 37331333. 373333
113310 17,898
111. 19 37333
33337 37333
Dec. 65 17063

, 3773333. 3 733 33333 33333 3333

1773 Jan. 0 73134076
Apr. 10 33333
Jul. 19 213,ss40
0ct.27 23‚722
Dec.66 ' 28‚605

1771111. o 73337333
Apr. 10 37333
Jul. 19 97‚107
00197 33333
33333 33333

37731333. 0 73333333
Αρῐ. 10 30‚519
111. 33 33333
03327 30340

333. 0 733 33333 333 33 33
imm 33333 3333 p 3333
l111. 33 33333 3333 .
ἰ33. 37 33333 3333
33333 33333 3333

-—---

1pr.10 97‚111
111. 33 37333
001. 37 37333
vec. 66 37333

UT. ο 733 33333 3333333333 373333. 3 733 33333
Apr. 10 41‚057 4303 Apr.10 20‚430

Jul. 19 41069 4308 Jul. 19 20‚396
oct. 37 41093 4401 oct, 37 20053
Dec. 66 41026 4503 Dec. 66 2039?

3773 Jan. 0} 733 33333 Ἰ333 333733 3733 san. 3173333333 33333 333
1pr.10 43333 3733 Apr. 33 33333 733
111. 19 11991 3333 33. 33 33373 ·.
001. 37 33333 3333 001. 37 33337
03366 45020 39,53 Dec. 66 23010

 

