‘rabulam 863411137335313

17751333. 11488’1,2(Ὀ’-15 14256 1780’1333.1ιῶ148’882,017 15418Ᾱο

3,)3. 33 3333 1190 1166 1677
333 33 3 333 3333 33 33 ’32333 3333
33333 3’333 3333 33333 33333 3333 1
3333331333 3333 j1909;66 33333 3333

3333333. 33333 3333- 3333333 33333333 3333333333 3333333 1
333. 33 3333 69'91 1691 33’333 33. 66
333. 33 3333 3333 3333 33333 33331
33333 3333 3333 33333 33333 6676
33,.33 3333 33,’33 Dec. 33333 1679 ,

17721333. 11488 7,429-152 856 17821333. 0148889,102-15449.11
99 15 1111 166 13911 11 ’
03627 7,170 6,54 03227 89588 5080 ,
1733366 7578 5,92 Dec. 89582 5180

17781333. 0148810598-1522157 17881333. 0148842742 15566· 1
11.pr 1110 10 ,299 21,07 Apr. 10 42542 7,ὶ1
1331, 19 10198 2052 16119 48941 7,1,1 ,
Oct. 27 10,095 2052 ,03427 48040 79 *
. 169666 9590 1956 113666 48189 819

17741311. 0148818517- 15 28556 1784130.1148846,899-1552561
1113 9:36} 1111 11131 99} 111 ῖ
03527 18507 8457 00427 46584 2422
03366 12506 8858113333 46572 2430

17751333. 0148816,282-15249,54 17851333. 0148850,-Ο87 1558910
99 99 69 333 9³9 33
03127 15 950 49,16 03427 50576 8971
03366 15566 4956 196666 50544 5951

17761333.1148819,-186 158 459 1786133. 0148858616-1555615
Apr 10 19106 4,74 Apr 10 58580 51911
112 9:39 99 1111 11111 ’313

33333 33333 6'99 »6966 33333 ⁵6⁰³

17771333.0148822,-220 15626,71 17871333.0148857,106 156957
Apr. 10 28167 2108 Apr. 61⁰ 57141 1115
1331. 19 28128 2157 131. 19 57167 851

03627 22 088 2177 03127 57188 881
113366 28062 .

17781333. 014662⁵‚-666 1588751 17881333 11489 0,·-488 1562845
Apulo 25542 8810 43610 0584

1331. 19 25582 8858 133119 0576
03127 25581

99966 25589

333Ἷῖ..133333383,ἓέ-,3333333 3333333. 33333 33331- 333333
pr.

lul 19 28566
031. 27 28, ’698
6966 28, 788

 

