Tab'uln vm
1840

ιημ 19999 1999 103.» 103.. 9

mmm-mmmm

1221 99999
91912994

21 99999
99 99999
90. 99 99999

20 04575
ml 04924
11 05221
21 9,5488
81 05789

19919 99999
0 9811
9099 99999
99 99999

80 9,7874
111. 9
19 ,

999ζ

99999. 99999. 99999 ,
99994. 99999. 99999 ,
99999. 19999. 99999 ,
99999- 99999. 99999 ,

99999. 99999. 99999 ,

898561 124881 08209
,98881 mesz- 05189

098871 mm· 027511 ,

098511 026191 056281

092821 024151 084471 ,
091861 020681 000481 ,
090701 015561 011141 ,
089441 008841 018621 ,
088201 098221 028911 ,

087101 088871 027511 ,
086251 058651 029701 ,
085781 090261 180611 ,
085581 08577 180821 ,
085801 07288 028821 ,

99999. 99199 99999. ,
99999. 19999 99999. ,
3239: {293 24⁶9: ’
99999- 99999 99999. ζ

089951 02519 074661 ,
090111 12665 084521 ,

999999 99999 99999

99999. 99999 99999 ζ
99999. 99999 99919 ,

999999Ι 99999 19999 ,

99999. 99999 99999

084281 00469 12098 ,

99999, 99999 19999

999999 99999 99999Ι ,

0806410 08284 18087

99999. 99999. 99999 ,

080801 064721 mse

45.oe
4 002
40,oe
4o‚02
÷⁰‚02

4 002
4 002
4 002
4 002
4 002

4 ⁰‚⁰2.
4 002
4 002
9999
4 002

4 002
4 002
4 002
,9999
4 008

4 098
4 008
4 008
4 008
4 008

4 008
4 008
4 008
4 008
9008

4 0 08
4 0 08
4 008
4 008
9008
4 008

4 008
4 008

 

