‘rabulae X. 80001 0 Ume niam.

. 010 Δις.

000 -0‚02÷ 800
010 -0,011 510
080-0011580
080 -ο,011 580
, 010 -,0011 510
050 0,00 550
060 0,00 560
070 0,00 570
080 0,00 580
090 1001- 590
100 1001- 600
110 1001- 610
100 1000- 680
180 1000- 680
110 1000- 610
“ 150 1000- 650
160 10,00-660
170 1008- 670
180 10081680
190 1008- 680
. 0001008- 700
810 1008.. 710
000 1001- 700
080 1001- 780
, 010 1001- 710
050 10,01- 750
0601001- 760
070 1001- 770
080 10,01.. 780
890 1001- 790
800 10,01.. 800
810 1001- 810
800 1001.. 800
880 1001.. 880
810 1001.. 810
850 10,01.. 850
860 1001.. 860
870 10,01- 870
880 1001.. 880
890 1001.. 890
100 10,..08 900
110 1008.. 910
100 1008.. 980
180 1008.. 980
110 1008.. 910
150 1008.. 950
160 1000.. 960
170 1000.. 970
180 1000.. 980
190 1000.. 990

10·οΙ
110, Arg. Δ. 11 0001

000 500 -017 1600
010 510 -0,17 1001
080 500 -0,17 000
000 500 -0,17 -οζοι1
010 510 -0,17 -0,08
050 550 -0,16 -0,08
000 560 -0,15 -0,01
070 570 -0,11 -005
080 580 -0,18 -0,ο6
090 590 -0,11 -0,06
100 600 -0‚09 -0‚o7
110 610 -om -007
180 680 -0,05 -0,08
180 680 -ο,08 -0,08
110 610 -0,01 -0,08
160 050 10,01 -0,00
160 660 1008 -0,08
170 6701006 -0,07
180 680 10,07 -0,07
190 6901009 -0,071
800 700 1011 ‘⁰:⁰⁶3
010 710 1018 -0,05¹
880 780 1011 -0,05
880 760 1016 -o‚04
010 710 1010 -008
050 750 1017 -0,00
860 760 1017 -0‚01
070 770 1017 000
880 780 1017 1001
090 790 1017 1000
800 800 1016 1008
810 810-10161001
880 800 10,11 1005
880 880-10181006
810 840 ‡0}11 ‡0‚06
850 850 10,09 1007
860 8601007 1007
870 8701005 1008
880 8801008 1008
090 090 10,01 1000
100 900 -0,01 1008
110 910 ..0100 1008
100 000 ..0,05 10,οῖ
180 980 -0,07 1007
110 910 -0,091,007
150 950 -0,11 10,06
160 960 -0,18 1005
470 970 -0,11 1005
180 980 -0,15 1001
190 990 -0,16 1008

 

