79177719 vm
lm

141 1⁴⁸ QG 9,.77 μμ 9

*unvamma-«ww

7791 9942?- 08888 0810877 02998 -oo -το01
11 027197 08181 0807877 imo 01862 -001
21 019827 08818 0972677 10128 07878 -001
81 010677 08181 1081877 01877 80181 -0,01

891010 901287 07976 018707 01092 90888 -001

m 799 7777 9779 797 977 :322
11 068289 07828 mse· 08181 02818 -001
21 018919 07188 1069077 028287 08898 -001
81 0098977 07181 wls· 086877 08908 -008

19910 70991 07161 021187 081167 01862 -008 .
20 08898 07881 020687 100179 01776 -008
80 80690 07622 018867 muza 08181 -008
hl. 10 08861 07718 108867 maol· 08802 -008

9999995 97995 99997. 79999, 99997 -9,95

80 9,1189 07868 0881277 imo· 90128
ln. 9 02129 07897 088767 129oe- 9,

19 90918 07881 090867 080617 9,

29 08612 07826 08888 10088· 06918
hl. 9 01229 07722 07228 138oe- 07180

79 99797 97575 99779 79997, 97979
99 95799 97997 79999 79799. 97995
me 99799 97799 77797 77559. 97797
79 95799 97957 77999 799977 97999

28 06οἙ 06717 mse 091187 98161

ht. ὦ &gg 06860 02819 071717 90818
η 999 3:33 1118 3081· 3881
oa 7 9,67(8 06828 10872 06688 90881
17 ems 06878 02821· 09020 08986

27 07088 06167 01919 10118 09181
Nu. 6 07288 06886 msa 01111 90276
16 07166 06707 10167 10099 90111
26 07698 09281 10871 09817
077. 6 07927 07288 10880 90677

16 081α . 08210 moso 99018
9391 309 w 971

 

