Tabulae X. 3991. L α Virginis.

115ο1ιι. 91119 1591
Apr. 10 4,525
141. 19 4541
Oct. 91 4541
Dec. 66 4,545

ffiffls 19 7‚6ss5 .-

Apr.10 7076
Jul. 19 7‚659
Oct. 27 7032
099661 7,598

17521811. 1131210748
418819 18191
Jul. 19 10058
09827 10001
Dec. 66 10,537

, 17531111. 0131213097
Apr. 10 13028
Jul. 19 13‚553
Oct. 27 13 ,472

Dec. 66 13, 386

1754 189 0131216, 553-
Apr. 10 16 463
111119 16 371
Oct. 27 16275
119966. 16777

17551811. 0131219348 -

Apr. 10
Jul. 19
091. 27
Dec. 661

18948
18148
18959
18959

17561811. 1131222723 -

Apr. 10
1111. 19
091, 27
Dec. 66

. 131224,923

p . 24039

1111. 19 24762

. . 24091
09966 24027

1158144. 9181998185
hm 98815
09127 27031
Dec 66 27, 596

17591811. 0131230745-
Apr. Ar10 30715
111119 30094
09827 30082
119966Ι . 30,679

22026
21033
21843
21756

- 3588889 1189144. 1111988818

-9515114 1158 144. 9181948195 -

- 1585115
88891 5849
88889 5188
88859 5898

5884 Αιιι. 19
5849 Jul. 19
5815 98 91
5888 94888 88881 5814

9511707 17611811. 0131237010 -9541770
1673 Apr. 10 37044 1879
1634 1111. 19 37086
15,88 Oct. 27 37736
1506 08966 37793

-, 9518451 1189144. 9181948819 - 9548815

3475 419810 40374
33,59 Jul. 19 40741
3301 09127 40014
3270 Dec. 66 40093

955 818 ⁵
5119 4ιιι 19 48181
5848 14119 48819

4933 09827 43060
4978 Dec 66 44052

959 858 Kalhu. 1181948158 -9559149
7'87 1ιι ι19 41958
1’98 1ι1 19 41841

859 98. 91 48441
891 94855, 48588

9599581 1185 san. 9181958848 - 955418

2470 Apr. 10
2472 Jul. 19
2308 09827

58999
9891 Ι98458 58919

952 4236 1766 11111. 0 13 12 54720

50738
50031

4844 11119 543988
4895 9891 54885
4811 94858 58481

- 9525904 17671119. 0131257053 - 9562305

5888 18819 58591
5888 Jul. 19 51888

5819 9891 58181 9199
5898 95458 58188 9491

9581899 11881ιιι. 11818 9,-919 9554819
1818 Ap ι 19 9’958 4898
1819 141 19 9’981 129⁹
1819 95191 1’918 4884
18,21 Dec. 66 1031 4204

9588889 11891ιι. 91818 4185- 951 189

8148 1ρι 19 4118 158
8881 1ι1. 19 8181 193
8885 9891 8115

9881
9894

Ι 3874 05966 4760

 

