Tabulae X. 8001.st α Arietis.

1110111. 0 15111111 1999151111 1110111 11511111119111151
Apr. 10 16485 5579 Apul 47,754 4919
111. 19 11111 5590 111. 19 11109 1119
0191 11111 5159 01191 11151 1511 1

111066 16840 58,95 01066 47922 4671

17711111. 015419701 4222211681 17811111. 01545194719195516
Apr. 10 19‚653 10,98 Apr. 10 51816
Jul. 19 19‚597 10712 1111 19 51890
00127 19588 9,64 01127 51,471
111066 19761 8,95 01066 · 51,557

1119111. 115191119 Ἰ19999115 1119111. 015151115199151119
Apr. 10 91155 9191 Apr. 1ο 54915 9111
111. 19 91111 9599 111. 19 51051 1119
0019} 2923} 9115 01191 55151 1199
0111 99,

1119111. 01 5191111 19191111 1111
111
0191 91111
111111 91151

17141111. 015191111 1191915191 11141111. 1 155 1911 19191 191
111. 10 91111 5115 11110 1519 03
111. 19 91195 5100 111. 19 1111
0191 91519 5110 01191 1515
111166 28714 55,24 01066 2679

17751111. 0154111795 4-22281281 17851111, 0155 5996 -Ι-ἅ267079
10110 81692 2, p 21168
1111. 19 81598
00927 81798
111066 81707

11111111. 1151111111 9199999110 1111111. 0155 1155 19911997
11110 91191 9911 11110 1191 8811
111. 19 11111 9191 111. 19 1191
0111 51519 9919 01191 1111
91111 11111 9911 05111 1191

Apr. 10 87788 4697 1401110 181278
1111. 19 87780 4777 1111. 19 11807
00127 87787 4772 00927 ism
111166 87752 4774 115066 181848

1111 1111. 01519101019991 5,08 1111101. 1155111911 mmm
111 11110- 11109 1019
111 111. 19 11109 19⁴⁹
191 0191 11199 ¹
678 Dea& 16,672

1999191105 1119111. 0 1 55 91019 19991911»
’9151 11110 91009 1940
9111 111. 19 11915 1571
9111 0191 11991
9119 91111 11111 106

 

2513 ,

