1031 141³ Lego ugJ) ιομ ε

. Tabula vllt

1820

116. 1 803661 001856 050921 1,2999

11 80434
21 80749

31 89067
761610 90445

66 96696
6666 99996
66 99666
21 99667
66 96667

Apr. 10 90968
2⁰ 9,4376
80 90787

1161. 10 90201
20 9,5614

30 90020
Iun. 9 90410
19 90779
29 9,7121
sut 9 sam

19 97712
29 93958
uffa 96676
11 118

66667 96666

17 98791
27 9‚8912
061. 7 99081
17 90153

27 99284
Now. 6 90426
66 99676
26 9‚974o
096. 6 99907

16 00776
26 00242

36 00107

mmm„ Qwffl„ va ,
0032876 007236 13426 .
004281 108131 10878 .
offil- 1‚1569n 1‚1094 ,

0062476 100936 09971 ‚

0‚9698 6 104386 08268

69766. 69636. 66666 ,
697666 69696. 99776. ,
osma 66669- 66666. ,

0069976 104156 0844776 ,
0062866 100086 10)-176 ,
005411 105561 1011376 ,
om· 1083576 1,186266 ,
003546 omn 13391· ,

002756 0033966 107511 ,
0,9219= 0,5868· 13969· ‚
001926 900456 100616 ,
100336 ,
&2882- ,

lfissffln ‚
laelfissn ‚
1‚15502 ‚
1068276 ,
0‚9431· ‚

0,74672 ‚
0,.345566 ,
00910 ,
00688 ,

00019 ,

10442 ‚
1‚141s ‚
13098 ,
69574 ,
13880 6

0008876 0074661389ἓέ ζ
001131 0047566 1393ss ,

001981 00570
omn 0,7235

003106 00117
003826 10339
004781 1,1196
006616 1,1809

69666. 69716

006951 10519
81ζὲἓί ’1ἓὲἓὲ
69696. 63676

0063176 10324

006466 1,1920
om· mssss
093366 10469
002366 00224
001546 o‚7259

001036 03226

 

