Tabulae K 999911 asempii.

5779599. 9195991979 -9151 199 5799599. 5915351799-91551579
1111 11111 111 111 1111 {⁵9⁴⁹
(19197 95’577 9’79 (19991 55979 9911
Dec 66 211423 1198 179966 561050 37162

5775 599 9159 5595995 -955555 59 9795599. 9595559979 -95555995
151 9³99
99997 95999
09966 24804

5779599. 559 5599597 -95 55 5795 5799 .
599. 59 99997 5995 p.
595. 59 99995 5999
99597 99999 5599
5999 99 99 999 5599

5779599. 959 5595 799 -955595 59 5799599. 95959 71997 -9559 759
599. 59 95 979 9999 599 59 7999
595. 59 91599 9995 595. 59 7959
99597 95959 99’99 99977 9997
5599 99 95999 9999 5999 99 Ι9599

5779599. 9595595999 -95559595 5795599 95,95955755-955997,99 ’
11111 11111
99597 95979 ,
99999 95999 .

599. 59 99959
595. 59 99959
99997 97999
nec. 66 97959

5779599. 5159 5555 559 -95555999 57991599 9

Apr. 10 9959
1551. 19 41372
009 27 41,300
Dec. 66 411236

Γ777599 9595555959 -9555 995 Γ797599. 95959999991-9559999
999 99
99597 55797
Dec 66 441739

1778ὶ955 13 1615Ξξζ187ὂ -255511,41 17831955 1161627 372-25564610
9¹· 9

595. 59 59 999 5999 51. 59 97999
99997 59997 59 95 99597 97955
Dec. 66 48 ,376 14 ,43 Dec. 66 27, 310

5Τ79599, 9595559999 -95959995 Γ799599 9595999977 -99905902
599. 59 99955 99199 599. 59 96999 ⁵12²
595. 59 59 072 95 59 595. 59 99995 5011
995. 97 59 599 9599 99997 99995 ,68

999. 99 59955 999 99 99797) 49⁹³

 

