Τ5155155Χ. 85511125 Librae

17703555. 0148812468 15 42582 17803555. 1148848,-299 1585 605

55ὀ5 ,ζ55555 49’999 555ξ

5555555. 5555515555-55 55555 5555555. 555555555535555535
9919 46419 55555 555

5555 555. 55 55555 5555
55,55 5555 55555
5555 55555 55555

5555 ³
18 4

5555555, 11499199-99 19491‚76 17821914. 5555555555- 55 5555
5555 55 55 99’479 9999 ,
99’99 55 55 90'979 99 ,
49’94 06497 55555 5555
49’11 990 66 90'999 9499

17781914. 91499913-697 1994‚.941999146 5555555555- 5555533 ,
p. 555 5,,,555 55555
9'99 515. 55 94'999

9,19 04:997 94’9 99 111

555 55555 94497 555·

5555555. 9149994,999-1⁵919,99 1794946. 5555555,-55ο 55555

46619 94 494 55 55 5,»555 55 555 5-5

5155 94 555 55 55 51. 19 55555 999

55. 55 94 555 55 55 55. 99 55 555 799

90969 55555 5555 55555 55555 555

17751855. 0148827,-505 1558268 1785355, 014891,-829 15 822
Apulo 22408 8246 Apr .19 1,415 2264 ,
3551. 19 27 812 82,83 Jul. 19 1,495 2864
051. 27 22228· 82 27 Oct. 27 1,569 ,
115588 27, 189 99'97 »0999 1, 887 2211

55551555. 1149999461- 49947,79 1796946. 014994,911 55555
555 939 939 99 99 99
5555 99'949 4919 0997 5555 5474
55555 55555 4999 94499 9'199 5444

5555555. 5555555555 555 555 5555555. 91499 5,-5554 555555
555, 55 99, 444 4'09 419. 19 9’499 444
555, 55 99’409 4‚49 555. 55 5555 555
5555 99’969 555 5555 9⁹99 919
909 55 55 555 555 55555 5555 4444

,ψῃ-,ἥ

55555555555555,-555 199999419991491149911999 555544
555. 55 99’691 55 55 55 55 11'999 {gg
99 99 99 99 5
55555 55555 99'94 94499 11’799 44

5555555 0149999999-1999919 17891944. 9149919,-999 5555444
’454 999 414 *⁹¹¹⁰ 1⁵⁰⁰¹ 9⁶⁹
99 4⁹94 4:04 999 414 1.
94499 4o,019 5555 944 99 14949 ¹9⁵⁵

 

