μμ 143 140 ιη.» w

Tabula vm.
, 1768.

Ju- 0 017161 086111 061161 01998

10 001801 086961 060711 01789 6,
087111 088111 097171 01116 ,

80 061761 089101 018161 01876

81809 015661 091711 016701 01091 ,

091901 081911 09968 ,
091871 011881 08161 ,

19 01766
nuti 06906
11 07818
11 09186
81 00181

Apr. 10 00968
1 111
111313

10 01891
lm. 9 01916
19 06168
19 06909
lul. 9 06816

19 9‚⁶⁶⁷1
29 9‚6981
19·ιὲ 310
11 eam

sqm 11111
17 9111
2⁷ 1111

o«. 7 11111
1⁷ 1101

17 08681·

Nu. 6 06717
16 08916
16 09111

lm 6 93896

16 09199

098681 016821 06180

3οε 1111 30

098191 011161 081161 ,
091881 081681 001161 ,
091101 016661 011111 ,
091111 018861 018611 ,

090111 096161 018901 ,

089781 088181 017601 ,
089801 068781 019691 ,
089181 090981 080611 ,
om. o,s5⁵o 11133. ,
089981 07116

090811 09112
091811 00886
091961 01198
091081 01808 ,
091981 01189

096711 01618 , 1
096161 01661

096811 01681 ,
096181 01671 ,
095661 01811

091911 01919
091061 01811 ·
098181 00166
091181 09110
091681 07161

00118
1105 ,
11099 ,
11573
meo

091191, 03106 08016

ἒ οξιῶι omn. oman mss ’

omna 111111. mr,

 

¹·2882· ‚

016011 ,
011691 ,
016611 ,

