’19111111 vul. ·

1797.

hog] Log.B Log.0 1103AE Lnga f:

wwwwww

,1111 9 991991 99191 999991 13999 -ω
19 939991 93111 9391911 13199
1ο 939191 93919 991191 13119
99 9999911 991191 199111 13911
91919 939931 991911 139991 13999

19 9989811 9779911 9909811 99970
Mart.1 9189711 9999111 9918811 98966
11 9198111 9006111 9968911 95184
91 9058811 9059811 9969011 9980811
81 9981011 9069911 9961911 9569911

Apr. 10 9880811 9069511 9911511 9814711
90 9788011 9036011 9906811 9001711
¹ 80 9170711 9998711 9155611 9111811
Maj. 10 9819711 9911111 9088511 9186111
9887311 9989311 9989111

91) 91589

80 97885
Jun. 9 99816
19 91981
99 99987
Jul. 9 98191

19 98798
99 91889
Aug. 8 91781
11 119

sept. 7 95709
17 95981
97 96110

Oct. 7 96810
17 96515

97 96761
Nov. 6 96998
16 97989
96 97196
Dec. 6 97759

19 99919
19 99199
99 99991

9319111 999111 1319111

931991 999111 139991
999911 999991 1999111

9999111 99991
999991 93191

999991 99119
939991 19991
9319111 13199
939991 13999
9919911 13999

9881911 99519
9111711 99664
9496611 119889
9180811 99579
9198911 99891

999911 13919
999991 13919
9991111 19199
9911111 99319

9885311 97956 -

9881911 98918

93038 11
9988911

9960011
9916811
91551 11
90683 11
9913911

97469 11
93158 11
90907
96688
99019

19119
13111
13999
13911
13999

1,8087

991991 9919111 19999
9911911 9911911 13991

’ 99991

93919
99191
99999

-999
-991

-999 1
-9,99

91852 ,

99114
99818
98898
98905

91869

99119 ζ

95151

99991 ’

95894

96198
96101
96667
96915
97150

917878
97585
97787
97980
98161

98812
98512
98676
98881
98986

99181
99976
99111
99517
99677

99808
99995
90014

 

