Tabulae'X. Soet. L· a'Hydrae.

1⁷616061'61999-76'626,07 77597777 7 91'546,554 76'769
775 575 518 775 55 51
97597 79945 6612576 97797 45595 55

97755 79949 95“’57 97755 45595 5,,7

7757777. 9197597,-994 7954999 7757777, ο 97549559 777-9
4177510 21988 40,66 74177. 10 49,698 5616
77779199954 4795 77779 49549 9,.
975197 97995 4749 97797 49559 5.·
97755 99999 4955 97755 49 745 ’11

77597777 4 97594559- 7955559 7759777, 99755-ῖ574 7957 1
47779 94597 55 99 477 7ο 59794 63
777. 79 94779 5775 77779 59799 771
97597 94 577 5957 97797 59959 7 1
97755 99554 5755 777755 59945 71
7759977997597594- 7957994 7759777 997555,-957 7975 7

477 7. 7ο 99557 7994 Ap 7. 79 55’945 91

· 7779 99495 7997 77779 55995 91

97597 99497 7979 97797 55779 771
97755 97594 7799 97755 55’797 91

7754777997599597 7959799 7754777 79755995- 777711

7755777. 9 97599995 7954999 77557777 5 975 99557-9179
47779 99597 4957 47779 9477 19
777 79 99 795 69'99 777 79 9559 9, 1
977. 97 99545 9949 97797 9577 = 1
977 55 99554 6666 97755 9799 91

Γ755777, 797595595- 7955479 775577799755559 1991·
417710 36,443 63,60 4710 5729

77. 79 95955 5995 77779 5997 151
97597 55 979 5977 97597 5974
. Dec. 66 36,194 51,46 09966 6940

Γ757777, 9 97599759- 797 559 7757777. 9975 7795749910
4777 99999 606 477 79 77979 {j
77779 99999 995 77779 9955191
97597 97 957 4,54 97797 9994 ξς·
977 55 99599 6’96 7777 55 9975 9·

7Τ59777 997549-955 7977955 7755777 7 97579-977 7999
15779 49579 16 55 47779 79949 591

49757 77 55 77779 79979 9

97197 49799 77 77 97597 79799 91
97755 49599 7559 97755 79779 91

Γ759777 9 97549555- 7979794 7759777 091616,606 911111·
Α pn 10 43, 631 31,20 App, 19 15, 066 111,
77779 49574 9957 77779 75ὀ55 ¹3¹..
97797 49595 9995 97797 75957 ¹323

7777 49595 9954 797755 79979 ¹²⁴*

 

