Tabula vin.
1⁷⁰7.

111911 'Iaog.B 11890 11891) laga Β

Μυννυννυνννομνονν

111. ο 91851 91888. 95185. 11998 -oe 169
91888 91811. 98811. 11189 81881 .
05148 0744811 0972711 13425 07873 .’
95551 91558. 98815. 11818 98181
95898 91855. 11818. 11891 98888

98118 91119. 91891. 99988 91851

. 98111 91818. 11188. 98181 91111

· 98811 91881. 11881. 95188 91818 .
98881 81818. 11898. 98889.
98981 81189. 11818. 8,5888.· ,

07166 0761611 0241611 0844611 ,
07856 0745111 010681 000461 ,
91559 91151. 11558. 11111. ,
91111 91888. 98888. 11881. ,
07999 0681211 098851 1389011

08829 0660811 0884811 13750· ,
,9,8460 0644011 0687711 029691 ,
08686 068211 090941 0806111 ,
08908 0626911 03562 0808811 ,
09105 0627711 uam waz- ‚

99198 98888. 99118 11881. ,
99158 98181. 98888 11189. ,
. 99881 98551. 11198 11551. ,
99181 98881. 11888 11881. ,
99818 98159. 11889 99181. ,

09941 068121 1‚2519 074711 ,
00081 0681411 13664 084621 ,
00116 0675711 18682 00903

00199 0668711 02579 06688 ,
00887 064581 02824 omo ,

1 98881 98111. 11919 11118

. 98188 95911. 11818 11111
98888 95888. 98188 91899
98111 95188. 99111 11511 ,
98858 98888. 91158 11888

98981 91188. 98188 11888 ,
18 81118 91881. 98181. 11888 ,
88 81181 91818. 98185. 11981 ,

 

