Tabulae X. Sect.L α Tauri.

1750911. o 19157449 419 55 694 4759541 4 195 4444 41⁰6 64547 .
Apr.10 374165 58 5954 Apul 9422 1605
Jul. 19 57479 5594 59. 49 9457 4554
051. 27 37,483 5805 09127 9462 1769
1955. 55 57477 5747 95555 9495 4945 Ν

4754555. 9 49449999 Ἰι4559 544 4754544. 9 49949997 ÷16 99545 “
Apr. 49 49459 494 Apr. 10 45947 9747 1
Jul. 19 49957 , . ,
001. 97 49495 , , , , ¹
Dec. 55 49494 , - , ,

———

1752759. 1 42144231 -1-15591096 1762759. 0 42216517
Apr.10 44,184
Ju1.19 44‚128
0c1.27 44,064
Dec. 66 43,991 ·

4755 Jan. 9 49447455 ÷15 59 4595 4755554. 9 49999454 445 94755 ,
Apr. 10 47‚361 15‚65 Apr.1 , 4821 1
111. 19 47977 4599 554. 49 59495 4575 .
99. 97 47457 4449 95597 Ι59595 497

175966 47092 1384 Dec. 66 20,606 19,

4754 Jan. 9 494 59547 Ἰ545 599945 4754544. 4 49995995 445 95771
119510 504148 21,66 ’ Apr. 10 24,097 5738
544. 49 59945 9444 Ju1.19 94499
001. 97 59949 = 9959 9597 94994 ⁵9³⁵
95459 59495 ¹ 9999 95555 94494 5557

53271 2844 Oct 27 28992
Dec. 66 53964 28,09 175966 28187

4759555. 4 494 55499 445 595595 Ἵω. 9 49954979 445 4445

4755 95. 9 494 59595 Ἶ445 599545 47551545 9 49997495 445 4 555
Apr. 49 59499 9547 444. 49 , 674
544. 49 55579 9597 55. 49 97995 .

419510 56917 3626 Apr. 10 ‚ 146
Jul. 19 56416 5653 5111. 19 81358 ·
Oct. 27 56320 3648 Oct 27 81,840
Dec. 66 56226 6670 Dec. 66 31316

4757 san. 9 494 59554 445 594445 4757555. 9 49995444 445 4945
4595 Apr. 10 55555
4597 544. 49 55454
4545 001 97 55997
4595 94555 55955 4949

4755945. 9 499 9545 5445595495 4755 san. 4 49955954 41612810
Apr. 10 9459 5444 Apulo 59495 9758
554. 49 9595 5599 55. 49 59949
95597 9559 5594 95597 59955

Dec. 66 2618 56,57 175966 39083
17597590

7115510 6022

99. 49 5499

091. 27 5993
179966 5993

 

