Tabula IX. 1111111111.

7111111 quantitatum C& D pro 11111111 diebus.

Majun. 1111111111.
’ lag. 0 1063.ss 11⁰3AE 1103AE
1750 1850 1750 1850 1750 1850 1750 1850
0015571015561 1,11121011141 081571081481 027781027791
11,1195.1,1191. 1,1199.1,1191. 1,1959. 11959. 19995. 1,1995.

2011811 014801 1,12831012851 0775111 077411 028301028311
30136511 018641 0186411013661 075321 0752111 028541028551

1012971 0129511 1,11421014441 0729910728811 0287611028771 Ι

5012261012251 015181015201 070521070101 028971028981
6011531 011521 015911 015981 067891067761 029171029181
7010781010761 016621016641 065081064931 029351 0298611
111911. 1,11995. 11191. 1,1119. 1515195190. 15951. 1,1954.
now· 009181 017981 0179811 058801058681 029691029701

10 018861 008331 1,18611018681 055271055081 029841029841
11007501 0074811 0192211019241 0514111051201 029971029981
11016611006591 019821019841 047161046931 130091080101

19005691005661 020401020121 042441042171 080201030211 ,

11001741001711 020951020971 087151036851 080301030311

15 003751 0037211 021491021511 081071080711 030391030391
16 002731 002691 022011022021 024011023581 030461030471
17 001671 001631 022511 0225211 015551015031 030521080531
18 007561 007521 022991 0230111 005031004361 080571 080581
19099441099391 0254511 023471 091101090171 080611 080611

mome- 098211 028901028921 070461068931 080641030611
1103708· 996981 11433. 111155 91911. 99511.. 19915. 1,1955.
1999515. 19511. 11111. 11115. 91191 9,1ο51 1915011115.
113οε3οε 1955119511 333}ss 3:333ss 11911011

1991511915. 1959119591. 15119 owe 1,9ο59.1,1ο59.
1119115. omar„ 19511. 11615. oms 11196 191151. 151151.
mommsen 1,1559. 1,1559. 95111 11111 19115. 11919.
mmmmm 1199111591. 95914 09955 15041. 19111.
1911519.ο,1515.1,9111.1,1119. 05519 95591 1519115991.

³⁰ 91344· messe„ 11151.1,1151. 11195 1,1111 19115.1,9ο19.
11 1,1151. 15115. 11111. 1,1119 ,1 111519 1,1511 19911. 15111.
310795910795011 028061 0280611

 

 

 

