Tabula v111,
1810.

Ιιομ 118883 11880 11881) boga Β

WWWWWW

Im. 0 ms· omi 05094· 13999 -ω -ἇω
18 989998 88111 88888. 18198 88889 -Qffl
98 98881. 88888 88191, 18198 81111 -883
88 98811. 88188 188181 18818 88181 -88

88888 88988. 88188 188891 18899 98888 -803

19 81988, 88111 188911 88911 98819 -⁰‚⁰³
81881 88188, 81991 18188. 88981 98111 -081
11 88918. 81888 188891 88188 99811 -983
91 888981 88889 18898. 98188, 98898 -00
81 11981 81888 188198 88819. 98988 -00

1818 88811 81818 181181 88111. 98181 -894
98 88999 81988 18888. 18811. 98118 -98 x
18 88888 81998 188881 18118. 98181 ..88

uas. 10 88888 88881 18818. 18889. 98881 -88
98 98818 88181 888918 18891. 98894 ..(04

18 98889 88998 88889. 18181. 98191 -⁰·⁰⁴
181. 9 98899 88989 88889. 18988. 98181 -80

19 98998 88811 98881, 18881. 98881 ,00

99 98918 88191 18888. 98918 ,994 x
18 8 98181 88181 , 18889, 98188 -00

²⁹ 88 18 ’ 118· 8
Aust 98881 8ζ1811 ζ ²2 ⁸ ⁹’ ’
. 18381Ξὲ 81111 ’

9181 98189 88888 ,
11 98891 88818
91 98881 88819

881 98881 88818
11 98998 88918

27 9‚7171 o‚7001 ‚
Nor. 6 9‚7362 0,7109 ‚
16 9‚7568 0‚7219 ‚
26 9‚7789 nasu ‚
Dee. 6 9,8017 00867 ,

¹6 9³82& 0,7375 1, ..-,
m 918467 ⁰2⁷3ae ο,0751. 173066 ¹ ν 1
18 98818 81918 88111. 18991

 

