Tabula VL continuata.

Adscendo recta nediu soles, pro 76171ίί1 neredceba anni ficti,
addita Nntatn'one 861676.

September. October. November. Deambor.
‘'v-³ *ov- “v—⁴ »ev-u

0 61161 66116 66166 66166
61 69660 1ο 16612 42 29601 1ο 15687
1666611 1111616 1616666 1111616
19 52666 18 9148 50 11411 48 19601
63 19319 52 5‚800 6111166 6166661

6716671 66 1161 6116611 6611111
11 111616 6161616 16111676 17 611676
611671 11166661 6 1611 116111
116611 761111 16 6617 111611
1111111 1111666 111611 1111611

Ὦωῄσὶυἱ *Cano-—

’ὅ

1711617 1616611 17 61111 1616617
1116616· 1111671 1161661 1111666
1611611 11 11111 ,16 61611 111611·
1111611· 1711677 1117166 111611
1111611 1111666 1111611 111111

17 11161 1617661 1711677 16 67611
117661 1111617 1117611 1161166
161616 1116116 1611611 1166111
111161 1717611 1111616 1717671
6167611 6111617 6117611 6111116

66 61161 6616661 6711661 6611611
11 666617 61 7111 16 111616 6117617
117661 116 1161 616171 11 111666
111711 76611 111611 716661
1111171 1166666 1116616 1116611

1616617 1161616 17 6611 1611611
1111671 1111171 111116 1111111
1111111 1116611 1161661 1116616
1116611 1611611 1166616 1711666
1111617 1111617 1161671 111611

6611611 11 16611 16 11616 16 6671
11 61716 111711

928 2323ssaeae 3888ssss

 

