’7917919 vm
1788.

7997 7.,77 9999 7999 7.... 9

*emon-«mmmmm

Jul 99999 99797 99799. 79999 -ω 7699
ιι 99799 99999 99977. 79799 97999 9999
97 99799 99979 99799. 79799 97979. 9000
97 99799 99979 7,99ι7. 7,ι977 99797 7999

remo 99999 9ζ9999 97979. 7,7999 , ,7999

99 99999 99797 79997. 99997 , 9999
7997 99999 99979 79979. 99999 7999
77 97979 99799 79999. 99799 ι7999
’97 97999 99979 79999. 99977. 9999
97 97999 79979. 99999. 9999

Α97 97 777 7,,77 77 777
99 97999 ζ 97999. 97779. 99797 9999
lbi-10 9,8171 118889 1,18819 98502 4-0,οδ

99 99999 99999. 77999. 99997 9999

80 ⁹⁰⁵6! 0881177 msi- 9512!
ln 9 9,8781 omn 139899 98101 4-0,θὸ
19 98988 , ms· 19061· 98887 4-0118
99 99799 , 79999. 99979 ,9999
hl. 9 99897 , , Qu 9,7180 4⁰,OE

¹⁹ 00100 79997. 97979 9999
²9 00614 , , 79799. 97999 9999
0990 09774 , 77997. 97797 43,ae
08 ff ' 8888 sso’os

89917 0,ωῶ , 911110 4⁰,OE
17 00118 ’ 98811 4-0,08
8700119 98616 4⁰⁰⁰
oet? 00101 , 98811 40,OE
17 0,ωῶ , 98988 4⁰,oe

97 99797 , 99797 ι7999
Nm 0906 , , , 9000
10 00000 ‚ ‚ , 4⁰⁰⁶
99 99799 , , 40⁰⁶
9.. 9 99979 9999

18 ⁰,1toe , , 4⁰,OE
99 97799 , , 9000
99 om ,v , 4⁰,oe

 

